0 0.6035159999999999 0.187500 0.050781 0.039062
0 0.751953 0.236328 0.058594 0.074219
0 0.652344 0.666016 0.039062 0.042969
0 0.341797 0.433594 0.050781 0.039062
0 0.652344 0.466797 0.039062 0.042969
0 0.9277340000000001 0.310547 0.035156 0.035156
0 0.792969 0.896484 0.054688 0.050781
0 0.960938 0.761719 0.046875 0.046875
0 0.816406 0.826172 0.046875 0.035156
0 0.30468799999999996 0.705078 0.039062 0.050781
0 0.296875 0.302734 0.039062 0.035156
0 0.873047 0.513672 0.042969 0.042969
0 0.263672 0.617188 0.035156 0.039062
0 0.761719 0.521484 0.046875 0.042969
