0 0.396484 0.187500 0.050781 0.039062
0 0.248047 0.236328 0.058594 0.074219
0 0.347656 0.666016 0.039062 0.042969
0 0.658203 0.433594 0.050781 0.039062
0 0.347656 0.466797 0.039062 0.042969
0 0.072266 0.310547 0.035156 0.035156
0 0.207031 0.896484 0.054688 0.050781
0 0.039062 0.761719 0.046875 0.046875
0 0.183594 0.826172 0.046875 0.035156
0 0.695312 0.705078 0.039062 0.050781
0 0.703125 0.302734 0.039062 0.035156
0 0.126953 0.513672 0.042969 0.042969
0 0.736328 0.617188 0.035156 0.039062
0 0.238281 0.521484 0.046875 0.042969
