0 0.078125 0.333984 0.070312 0.082031
0 0.486328 0.244141 0.058594 0.058594
0 0.437500 0.208984 0.046875 0.035156
0 0.453125 0.089844 0.046875 0.039062
0 0.773438 0.019531 0.046875 0.031250
0 0.845703 0.056641 0.058594 0.058594
0 0.447266 0.029297 0.050781 0.050781
0 0.666016 0.490234 0.042969 0.042969
0 0.984375 0.455078 0.031250 0.066406
0 0.476562 0.705078 0.085938 0.082031
0 0.539062 0.695312 0.046875 0.039062
0 0.367188 0.744141 0.046875 0.058594
0 0.412109 0.824219 0.074219 0.054688
0 0.525391 0.111328 0.035156 0.035156
0 0.623047 0.033203 0.035156 0.027344
0 0.205078 0.777344 0.066406 0.070312
