0 0.921875 0.333984 0.070312 0.082031
0 0.513672 0.244141 0.058594 0.058594
0 0.5625 0.208984 0.046875 0.035156
0 0.546875 0.089844 0.046875 0.039062
0 0.22656200000000004 0.019531 0.046875 0.031250
0 0.15429700000000002 0.056641 0.058594 0.058594
0 0.5527340000000001 0.029297 0.050781 0.050781
0 0.33398399999999995 0.490234 0.042969 0.042969
0 0.015625 0.455078 0.031250 0.066406
0 0.5234380000000001 0.705078 0.085938 0.082031
0 0.46093799999999996 0.695312 0.046875 0.039062
0 0.6328119999999999 0.744141 0.046875 0.058594
0 0.5878909999999999 0.824219 0.074219 0.054688
0 0.47460899999999995 0.111328 0.035156 0.035156
0 0.376953 0.033203 0.035156 0.027344
0 0.794922 0.777344 0.066406 0.070312
