0 0.929688 0.142578 0.132812 0.074219
0 0.917969 0.460938 0.117188 0.070312
0 0.41601600000000005 0.238281 0.074219 0.078125
0 0.20898399999999995 0.373047 0.214844 0.082031
0 0.03125 0.244141 0.054688 0.058594
0 0.10546900000000003 0.470703 0.046875 0.035156
0 0.025391000000000052 0.542969 0.050781 0.062500
0 0.529297 0.464844 0.035156 0.031250
0 0.589844 0.470703 0.054688 0.050781
0 0.652344 0.533203 0.054688 0.042969
0 0.498047 0.552734 0.105469 0.082031
0 0.41210899999999995 0.589844 0.066406 0.054688
0 0.44921900000000003 0.656250 0.179688 0.109375
0 0.19140599999999997 0.693359 0.296875 0.183594
0 0.470703 0.880859 0.199219 0.152344
0 0.28710899999999995 0.919922 0.058594 0.058594
0 0.6816409999999999 0.894531 0.121094 0.093750
0 0.652344 0.199219 0.054688 0.054688
0 0.576172 0.173828 0.042969 0.042969
0 0.548828 0.201172 0.035156 0.035156
0 0.876953 0.787109 0.050781 0.042969
0 0.6464840000000001 0.710938 0.042969 0.054688
0 0.578125 0.697266 0.054688 0.058594
