0 0.96875 0.218750 0.054688 0.054688
0 0.9160159999999999 0.328125 0.058594 0.054688
0 0.976562 0.080078 0.039062 0.035156
0 0.986328 0.044922 0.019531 0.035156
0 0.8222659999999999 0.107422 0.066406 0.066406
0 0.5410159999999999 0.187500 0.042969 0.062500
0 0.48828099999999997 0.068359 0.054688 0.058594
0 0.18945299999999998 0.064453 0.042969 0.042969
0 0.38281200000000004 0.187500 0.062500 0.054688
0 0.41601600000000005 0.236328 0.058594 0.082031
0 0.607422 0.746094 0.042969 0.039062
0 0.597656 0.693359 0.039062 0.035156
0 0.732422 0.675781 0.074219 0.046875
0 0.65625 0.693359 0.046875 0.050781
0 0.7109380000000001 0.859375 0.046875 0.046875
0 0.605469 0.792969 0.046875 0.046875
0 0.511719 0.871094 0.070312 0.039062
0 0.44921900000000003 0.908203 0.039062 0.035156
0 0.734375 0.976562 0.070312 0.039062
0 0.6777340000000001 0.986328 0.042969 0.027344
0 0.12890599999999997 0.353516 0.046875 0.058594
0 0.09765599999999997 0.384766 0.039062 0.042969
0 0.03710899999999995 0.408203 0.074219 0.066406
0 0.050780999999999965 0.708984 0.054688 0.050781
0 0.027344000000000035 0.757812 0.046875 0.046875
0 0.8378909999999999 0.253906 0.042969 0.039062
0 0.890625 0.101562 0.046875 0.039062
0 0.05468799999999996 0.537109 0.054688 0.066406
0 0.26171900000000003 0.199219 0.031250 0.039062
0 0.33789100000000005 0.333984 0.035156 0.042969
