0 0.039062 0.435547 0.070312 0.074219
0 0.109375 0.531250 0.070312 0.046875
0 0.048828 0.552734 0.058594 0.058594
0 0.341797 0.527344 0.035156 0.039062
0 0.169922 0.634766 0.066406 0.050781
0 0.332031 0.228516 0.109375 0.128906
0 0.439453 0.214844 0.058594 0.070312
0 0.599609 0.224609 0.042969 0.035156
0 0.031250 0.808594 0.031250 0.023438
0 0.158203 0.744141 0.042969 0.035156
0 0.156250 0.828125 0.039062 0.039062
0 0.689453 0.876953 0.058594 0.066406
0 0.867188 0.902344 0.265625 0.125000
0 0.964844 0.683594 0.070312 0.078125
0 0.443359 0.689453 0.050781 0.035156
0 0.425781 0.613281 0.023438 0.023438
0 0.732422 0.316406 0.042969 0.031250
0 0.527344 0.306641 0.046875 0.035156
0 0.798828 0.230469 0.035156 0.031250
0 0.630859 0.142578 0.035156 0.035156
0 0.726562 0.085938 0.039062 0.039062
0 0.177734 0.861328 0.035156 0.042969
