0 0.9121090000000001 0.263672 0.042969 0.042969
0 0.779297 0.046875 0.035156 0.046875
0 0.859375 0.554688 0.046875 0.046875
0 0.453125 0.515625 0.062500 0.062500
0 0.779297 0.707031 0.050781 0.039062
0 0.47656200000000004 0.646484 0.039062 0.027344
0 0.27539100000000005 0.529297 0.035156 0.035156
0 0.5683590000000001 0.697266 0.050781 0.042969
0 0.6328119999999999 0.765625 0.039062 0.039062
0 0.7128909999999999 0.677734 0.035156 0.042969
0 0.953125 0.662109 0.039062 0.050781
0 0.982422 0.619141 0.027344 0.035156
0 0.8496090000000001 0.789062 0.058594 0.046875
0 0.972656 0.925781 0.046875 0.070312
0 0.7246090000000001 0.906250 0.066406 0.046875
0 0.38281200000000004 0.730469 0.046875 0.039062
0 0.279297 0.673828 0.042969 0.035156
0 0.22265599999999997 0.630859 0.023438 0.035156
0 0.03125 0.753906 0.046875 0.039062
0 0.05468799999999996 0.695312 0.023438 0.031250
0 0.23828099999999997 0.876953 0.054688 0.066406
0 0.328125 0.931641 0.101562 0.113281
0 0.46093799999999996 0.986328 0.046875 0.027344
0 0.20703099999999997 0.984375 0.031250 0.031250
0 0.283203 0.119141 0.027344 0.027344
0 0.6464840000000001 0.345703 0.050781 0.042969
0 0.49609400000000003 0.238281 0.039062 0.031250
0 0.357422 0.294922 0.042969 0.050781
0 0.03710899999999995 0.818359 0.035156 0.035156
0 0.691406 0.431641 0.046875 0.050781
0 0.10546900000000003 0.083984 0.039062 0.035156
