0 0.087891 0.263672 0.042969 0.042969
0 0.220703 0.046875 0.035156 0.046875
0 0.140625 0.554688 0.046875 0.046875
0 0.546875 0.515625 0.062500 0.062500
0 0.220703 0.707031 0.050781 0.039062
0 0.523438 0.646484 0.039062 0.027344
0 0.724609 0.529297 0.035156 0.035156
0 0.431641 0.697266 0.050781 0.042969
0 0.367188 0.765625 0.039062 0.039062
0 0.287109 0.677734 0.035156 0.042969
0 0.046875 0.662109 0.039062 0.050781
0 0.017578 0.619141 0.027344 0.035156
0 0.150391 0.789062 0.058594 0.046875
0 0.027344 0.925781 0.046875 0.070312
0 0.275391 0.906250 0.066406 0.046875
0 0.617188 0.730469 0.046875 0.039062
0 0.720703 0.673828 0.042969 0.035156
0 0.777344 0.630859 0.023438 0.035156
0 0.968750 0.753906 0.046875 0.039062
0 0.945312 0.695312 0.023438 0.031250
0 0.761719 0.876953 0.054688 0.066406
0 0.671875 0.931641 0.101562 0.113281
0 0.539062 0.986328 0.046875 0.027344
0 0.792969 0.984375 0.031250 0.031250
0 0.716797 0.119141 0.027344 0.027344
0 0.353516 0.345703 0.050781 0.042969
0 0.503906 0.238281 0.039062 0.031250
0 0.642578 0.294922 0.042969 0.050781
0 0.962891 0.818359 0.035156 0.035156
0 0.308594 0.431641 0.046875 0.050781
0 0.894531 0.083984 0.039062 0.035156
