0 0.361328 0.109375 0.042969 0.039062
0 0.029297 0.343750 0.050781 0.062500
0 0.267578 0.640625 0.089844 0.062500
0 0.386719 0.644531 0.039062 0.031250
0 0.089844 0.636719 0.039062 0.039062
0 0.111328 0.500000 0.035156 0.046875
0 0.837891 0.787109 0.035156 0.042969
0 0.886719 0.810547 0.039062 0.042969
0 0.320312 0.878906 0.039062 0.039062
0 0.156250 0.722656 0.046875 0.039062
0 0.103516 0.742188 0.035156 0.031250
0 0.509766 0.958984 0.035156 0.027344
0 0.597656 0.898438 0.031250 0.031250
0 0.824219 0.988281 0.046875 0.023438
0 0.376953 0.298828 0.058594 0.042969
