0 0.638672 0.109375 0.042969 0.039062
0 0.970703 0.343750 0.050781 0.062500
0 0.732422 0.640625 0.089844 0.062500
0 0.613281 0.644531 0.039062 0.031250
0 0.910156 0.636719 0.039062 0.039062
0 0.888672 0.500000 0.035156 0.046875
0 0.16210899999999995 0.787109 0.035156 0.042969
0 0.11328099999999997 0.810547 0.039062 0.042969
0 0.6796880000000001 0.878906 0.039062 0.039062
0 0.84375 0.722656 0.046875 0.039062
0 0.8964840000000001 0.742188 0.035156 0.031250
0 0.49023399999999995 0.958984 0.035156 0.027344
0 0.40234400000000003 0.898438 0.031250 0.031250
0 0.17578099999999997 0.988281 0.046875 0.023438
0 0.623047 0.298828 0.058594 0.042969
