0 0.191406 0.447266 0.031250 0.042969
0 0.230469 0.080078 0.046875 0.035156
0 0.388672 0.089844 0.035156 0.039062
0 0.357422 0.855469 0.066406 0.054688
0 0.333984 0.890625 0.035156 0.039062
0 0.539062 0.347656 0.039062 0.039062
0 0.164062 0.818359 0.054688 0.035156
0 0.210938 0.843750 0.046875 0.046875
0 0.746094 0.953125 0.031250 0.039062
0 0.878906 0.896484 0.031250 0.027344
0 0.958984 0.287109 0.042969 0.050781
0 0.972656 0.333984 0.031250 0.027344
0 0.347656 0.324219 0.046875 0.039062
0 0.085938 0.093750 0.039062 0.023438
