0 0.8847659999999999 0.261719 0.042969 0.054688
0 0.373047 0.296875 0.089844 0.140625
0 0.8183590000000001 0.412109 0.082031 0.058594
0 0.03125 0.337891 0.046875 0.035156
0 0.35351600000000005 0.453125 0.074219 0.054688
0 0.527344 0.568359 0.046875 0.035156
0 0.08007799999999998 0.904297 0.035156 0.050781
0 0.04492200000000002 0.900391 0.042969 0.050781
0 0.675781 0.742188 0.031250 0.039062
0 0.71875 0.740234 0.039062 0.035156
0 0.7753909999999999 0.771484 0.042969 0.035156
0 0.859375 0.847656 0.046875 0.031250
0 0.810547 0.650391 0.050781 0.042969
