0 0.732422 0.035156 0.074219 0.054688
0 0.9160159999999999 0.392578 0.089844 0.058594
0 0.8652340000000001 0.427734 0.066406 0.058594
0 0.71875 0.425781 0.062500 0.054688
0 0.691406 0.542969 0.195312 0.132812
0 0.5878909999999999 0.449219 0.105469 0.109375
0 0.45898399999999995 0.494141 0.175781 0.097656
0 0.375 0.687500 0.031250 0.039062
0 0.24023399999999995 0.585938 0.042969 0.046875
0 0.27539100000000005 0.550781 0.042969 0.039062
0 0.357422 0.798828 0.160156 0.152344
0 0.24804700000000002 0.828125 0.058594 0.078125
0 0.234375 0.884766 0.054688 0.035156
0 0.7402340000000001 0.927734 0.082031 0.058594
0 0.07031200000000004 0.974609 0.140625 0.050781
0 0.017577999999999983 0.345703 0.035156 0.074219
0 0.527344 0.240234 0.039062 0.035156
0 0.839844 0.210938 0.039062 0.046875
0 0.5878909999999999 0.644531 0.074219 0.062500
0 0.46093799999999996 0.599609 0.109375 0.058594
