0 0.267578 0.035156 0.074219 0.054688
0 0.083984 0.392578 0.089844 0.058594
0 0.134766 0.427734 0.066406 0.058594
0 0.281250 0.425781 0.062500 0.054688
0 0.308594 0.542969 0.195312 0.132812
0 0.412109 0.449219 0.105469 0.109375
0 0.541016 0.494141 0.175781 0.097656
0 0.625000 0.687500 0.031250 0.039062
0 0.759766 0.585938 0.042969 0.046875
0 0.724609 0.550781 0.042969 0.039062
0 0.642578 0.798828 0.160156 0.152344
0 0.751953 0.828125 0.058594 0.078125
0 0.765625 0.884766 0.054688 0.035156
0 0.259766 0.927734 0.082031 0.058594
0 0.929688 0.974609 0.140625 0.050781
0 0.982422 0.345703 0.035156 0.074219
0 0.472656 0.240234 0.039062 0.035156
0 0.160156 0.210938 0.039062 0.046875
0 0.412109 0.644531 0.074219 0.062500
0 0.539062 0.599609 0.109375 0.058594
