0 0.113281 0.210938 0.078125 0.093750
0 0.062500 0.375000 0.070312 0.054688
0 0.253906 0.398438 0.054688 0.046875
0 0.142578 0.570312 0.035156 0.046875
0 0.107422 0.640625 0.144531 0.070312
0 0.435547 0.052734 0.066406 0.042969
0 0.654297 0.173828 0.058594 0.042969
0 0.804688 0.244141 0.046875 0.058594
0 0.490234 0.365234 0.074219 0.050781
0 0.974609 0.742188 0.050781 0.070312
0 0.154297 0.927734 0.074219 0.066406
0 0.679688 0.960938 0.046875 0.039062
0 0.974609 0.208984 0.050781 0.089844
0 0.953125 0.091797 0.093750 0.121094
