0 0.886719 0.210938 0.078125 0.093750
0 0.9375 0.375000 0.070312 0.054688
0 0.746094 0.398438 0.054688 0.046875
0 0.857422 0.570312 0.035156 0.046875
0 0.892578 0.640625 0.144531 0.070312
0 0.564453 0.052734 0.066406 0.042969
0 0.345703 0.173828 0.058594 0.042969
0 0.19531200000000004 0.244141 0.046875 0.058594
0 0.5097659999999999 0.365234 0.074219 0.050781
0 0.025391000000000052 0.742188 0.050781 0.070312
0 0.845703 0.927734 0.074219 0.066406
0 0.32031200000000004 0.960938 0.046875 0.039062
0 0.025391000000000052 0.208984 0.050781 0.089844
0 0.046875 0.091797 0.093750 0.121094
