0 0.47656200000000004 0.060547 0.054688 0.035156
0 0.39843799999999996 0.095703 0.054688 0.035156
0 0.404297 0.154297 0.042969 0.035156
0 0.06445299999999998 0.419922 0.074219 0.058594
0 0.10742200000000002 0.851562 0.042969 0.046875
0 0.27539100000000005 0.777344 0.050781 0.054688
0 0.976562 0.757812 0.039062 0.070312
0 0.9628909999999999 0.859375 0.066406 0.054688
0 0.982422 0.078125 0.027344 0.101562
0 0.966797 0.203125 0.058594 0.132812
0 0.798828 0.416016 0.042969 0.058594
0 0.6035159999999999 0.335938 0.035156 0.039062
0 0.925781 0.541016 0.093750 0.074219
0 0.902344 0.410156 0.054688 0.054688
0 0.6953119999999999 0.611328 0.031250 0.035156
0 0.6933590000000001 0.455078 0.050781 0.035156
