0 0.523438 0.060547 0.054688 0.035156
0 0.601562 0.095703 0.054688 0.035156
0 0.595703 0.154297 0.042969 0.035156
0 0.935547 0.419922 0.074219 0.058594
0 0.892578 0.851562 0.042969 0.046875
0 0.724609 0.777344 0.050781 0.054688
0 0.023438 0.757812 0.039062 0.070312
0 0.037109 0.859375 0.066406 0.054688
0 0.017578 0.078125 0.027344 0.101562
0 0.033203 0.203125 0.058594 0.132812
0 0.201172 0.416016 0.042969 0.058594
0 0.396484 0.335938 0.035156 0.039062
0 0.074219 0.541016 0.093750 0.074219
0 0.097656 0.410156 0.054688 0.054688
0 0.304688 0.611328 0.031250 0.035156
0 0.306641 0.455078 0.050781 0.035156
