0 0.7753909999999999 0.896484 0.058594 0.050781
0 0.8339840000000001 0.966797 0.097656 0.058594
0 0.10742200000000002 0.843750 0.042969 0.054688
0 0.26171900000000003 0.861328 0.039062 0.042969
0 0.16406200000000004 0.898438 0.039062 0.031250
0 0.800781 0.130859 0.054688 0.042969
0 0.41601600000000005 0.365234 0.042969 0.035156
0 0.376953 0.341797 0.035156 0.035156
0 0.345703 0.492188 0.097656 0.070312
0 0.23632799999999998 0.384766 0.050781 0.050781
0 0.1875 0.501953 0.093750 0.105469
0 0.503906 0.062500 0.156250 0.078125
0 0.390625 0.203125 0.039062 0.046875
0 0.45898399999999995 0.126953 0.035156 0.042969
0 0.716797 0.046875 0.050781 0.046875
0 0.04492200000000002 0.529297 0.035156 0.050781
0 0.23242200000000002 0.695312 0.058594 0.046875
0 0.14648399999999995 0.693359 0.042969 0.050781
0 0.941406 0.039062 0.031250 0.023438
