0 0.224609 0.896484 0.058594 0.050781
0 0.166016 0.966797 0.097656 0.058594
0 0.892578 0.843750 0.042969 0.054688
0 0.738281 0.861328 0.039062 0.042969
0 0.835938 0.898438 0.039062 0.031250
0 0.199219 0.130859 0.054688 0.042969
0 0.583984 0.365234 0.042969 0.035156
0 0.623047 0.341797 0.035156 0.035156
0 0.654297 0.492188 0.097656 0.070312
0 0.763672 0.384766 0.050781 0.050781
0 0.812500 0.501953 0.093750 0.105469
0 0.496094 0.062500 0.156250 0.078125
0 0.609375 0.203125 0.039062 0.046875
0 0.541016 0.126953 0.035156 0.042969
0 0.283203 0.046875 0.050781 0.046875
0 0.955078 0.529297 0.035156 0.050781
0 0.767578 0.695312 0.058594 0.046875
0 0.853516 0.693359 0.042969 0.050781
0 0.058594 0.039062 0.031250 0.023438
