0 0.794922 0.089844 0.074219 0.062500
0 0.8496090000000001 0.154297 0.066406 0.058594
0 0.71875 0.244141 0.070312 0.089844
0 0.7265619999999999 0.390625 0.070312 0.062500
0 0.7285159999999999 0.429688 0.066406 0.046875
0 0.6484380000000001 0.394531 0.046875 0.062500
0 0.517578 0.087891 0.074219 0.097656
0 0.455078 0.126953 0.035156 0.050781
0 0.23632799999999998 0.189453 0.097656 0.097656
0 0.658203 0.943359 0.089844 0.074219
0 0.03906200000000004 0.187500 0.062500 0.085938
0 0.408203 0.160156 0.035156 0.054688
0 0.33984400000000003 0.207031 0.031250 0.039062
0 0.7558590000000001 0.689453 0.058594 0.050781
0 0.714844 0.591797 0.078125 0.066406
0 0.8652340000000001 0.707031 0.042969 0.039062
0 0.814453 0.607422 0.035156 0.042969
0 0.785156 0.533203 0.046875 0.042969
0 0.48828099999999997 0.373047 0.265625 0.261719
0 0.984375 0.621094 0.023438 0.039062
