0 0.332031 0.660156 0.101562 0.062500
0 0.113281 0.789062 0.218750 0.187500
0 0.515625 0.646484 0.179688 0.128906
0 0.980469 0.591797 0.039062 0.050781
0 0.988281 0.724609 0.023438 0.050781
0 0.300781 0.246094 0.085938 0.054688
0 0.228516 0.416016 0.074219 0.058594
0 0.302734 0.476562 0.066406 0.062500
0 0.294922 0.369141 0.097656 0.066406
0 0.294922 0.152344 0.050781 0.046875
0 0.019531 0.273438 0.031250 0.046875
0 0.179688 0.115234 0.039062 0.050781
0 0.234375 0.115234 0.039062 0.058594
0 0.412109 0.046875 0.042969 0.046875
0 0.414062 0.015625 0.046875 0.023438
0 0.445312 0.232422 0.062500 0.042969
0 0.367188 0.308594 0.046875 0.046875
0 0.482422 0.134766 0.027344 0.042969
0 0.724609 0.390625 0.136719 0.164062
0 0.638672 0.396484 0.035156 0.050781
0 0.597656 0.281250 0.031250 0.031250
0 0.394531 0.910156 0.054688 0.062500
0 0.230469 0.787109 0.062500 0.050781
0 0.294922 0.820312 0.050781 0.054688
0 0.714844 0.220703 0.031250 0.027344
0 0.695312 0.042969 0.023438 0.023438
