0 0.474609 0.048828 0.128906 0.089844
0 0.603516 0.037109 0.066406 0.066406
0 0.052734 0.607422 0.042969 0.042969
0 0.093750 0.541016 0.039062 0.035156
0 0.234375 0.585938 0.054688 0.046875
0 0.316406 0.552734 0.062500 0.066406
0 0.437500 0.593750 0.093750 0.054688
0 0.537109 0.642578 0.089844 0.042969
0 0.494141 0.685547 0.050781 0.042969
0 0.070312 0.765625 0.039062 0.039062
0 0.017578 0.736328 0.027344 0.058594
0 0.667969 0.787109 0.039062 0.035156
0 0.679688 0.847656 0.046875 0.039062
0 0.712891 0.818359 0.050781 0.050781
0 0.234375 0.794922 0.031250 0.042969
0 0.470703 0.763672 0.066406 0.042969
0 0.667969 0.953125 0.078125 0.054688
0 0.921875 0.027344 0.039062 0.039062
0 0.503906 0.392578 0.046875 0.058594
0 0.238281 0.275391 0.046875 0.042969
0 0.535156 0.427734 0.054688 0.035156
0 0.298828 0.419922 0.082031 0.058594
0 0.808594 0.441406 0.070312 0.054688
