0 0.5253909999999999 0.048828 0.128906 0.089844
0 0.39648399999999995 0.037109 0.066406 0.066406
0 0.9472659999999999 0.607422 0.042969 0.042969
0 0.90625 0.541016 0.039062 0.035156
0 0.765625 0.585938 0.054688 0.046875
0 0.683594 0.552734 0.062500 0.066406
0 0.5625 0.593750 0.093750 0.054688
0 0.46289100000000005 0.642578 0.089844 0.042969
0 0.5058590000000001 0.685547 0.050781 0.042969
0 0.929688 0.765625 0.039062 0.039062
0 0.982422 0.736328 0.027344 0.058594
0 0.33203099999999997 0.787109 0.039062 0.035156
0 0.32031200000000004 0.847656 0.046875 0.039062
0 0.28710899999999995 0.818359 0.050781 0.050781
0 0.765625 0.794922 0.031250 0.042969
0 0.529297 0.763672 0.066406 0.042969
0 0.33203099999999997 0.953125 0.078125 0.054688
0 0.078125 0.027344 0.039062 0.039062
0 0.49609400000000003 0.392578 0.046875 0.058594
0 0.761719 0.275391 0.046875 0.042969
0 0.46484400000000003 0.427734 0.054688 0.035156
0 0.701172 0.419922 0.082031 0.058594
0 0.19140599999999997 0.441406 0.070312 0.054688
