0 0.9316409999999999 0.101562 0.074219 0.062500
0 0.35546900000000003 0.697266 0.039062 0.042969
0 0.33203099999999997 0.152344 0.031250 0.046875
0 0.423828 0.337891 0.042969 0.042969
0 0.626953 0.332031 0.042969 0.039062
0 0.736328 0.363281 0.035156 0.039062
0 0.8125 0.822266 0.039062 0.042969
0 0.021483999999999948 0.345703 0.042969 0.050781
0 0.03710899999999995 0.423828 0.050781 0.050781
0 0.07031200000000004 0.544922 0.054688 0.050781
0 0.767578 0.515625 0.042969 0.046875
0 0.691406 0.519531 0.031250 0.031250
0 0.6328119999999999 0.730469 0.039062 0.046875
0 0.548828 0.904297 0.050781 0.058594
0 0.15039100000000005 0.703125 0.050781 0.046875
