0 0.31835899999999995 0.091797 0.042969 0.042969
0 0.923828 0.121094 0.035156 0.046875
0 0.921875 0.181641 0.054688 0.035156
0 0.23828099999999997 0.675781 0.117188 0.156250
0 0.17578099999999997 0.517578 0.179688 0.144531
0 0.30273399999999995 0.472656 0.082031 0.101562
0 0.703125 0.138672 0.054688 0.082031
0 0.39453099999999997 0.419922 0.062500 0.050781
0 0.423828 0.355469 0.035156 0.046875
0 0.867188 0.876953 0.031250 0.042969
0 0.90625 0.955078 0.054688 0.050781
0 0.32421900000000003 0.873047 0.031250 0.042969
