0 0.609375 0.449219 0.242188 0.109375
0 0.482422 0.533203 0.042969 0.042969
0 0.039062 0.558594 0.046875 0.046875
0 0.083984 0.529297 0.035156 0.066406
0 0.279297 0.097656 0.152344 0.062500
0 0.666016 0.601562 0.042969 0.039062
0 0.898438 0.210938 0.039062 0.039062
0 0.800781 0.755859 0.039062 0.058594
0 0.296875 0.724609 0.046875 0.074219
0 0.523438 0.265625 0.085938 0.070312
0 0.662109 0.312500 0.042969 0.046875
0 0.574219 0.193359 0.078125 0.058594
0 0.310547 0.236328 0.027344 0.027344
0 0.339844 0.177734 0.031250 0.035156
0 0.367188 0.142578 0.031250 0.027344
0 0.089844 0.730469 0.023438 0.023438
0 0.140625 0.898438 0.039062 0.039062
