0 0.04882799999999998 0.345703 0.097656 0.105469
0 0.939453 0.636719 0.074219 0.085938
0 0.9433590000000001 0.796875 0.050781 0.054688
0 0.955078 0.863281 0.082031 0.070312
0 0.8125 0.867188 0.070312 0.078125
0 0.748047 0.771484 0.066406 0.066406
0 0.6503909999999999 0.695312 0.042969 0.046875
0 0.482422 0.619141 0.066406 0.074219
0 0.47656200000000004 0.384766 0.054688 0.050781
0 0.47851600000000005 0.453125 0.066406 0.054688
0 0.47851600000000005 0.347656 0.050781 0.046875
0 0.582031 0.810547 0.046875 0.042969
0 0.392578 0.886719 0.050781 0.046875
0 0.06445299999999998 0.689453 0.042969 0.042969
0 0.015625 0.052734 0.031250 0.050781
0 0.44140599999999997 0.093750 0.031250 0.031250
0 0.14648399999999995 0.048828 0.035156 0.035156
0 0.29101600000000005 0.832031 0.066406 0.062500
0 0.14453099999999997 0.939453 0.046875 0.050781
0 0.109375 0.982422 0.078125 0.035156
0 0.75 0.468750 0.054688 0.062500
0 0.658203 0.359375 0.035156 0.062500
