0 0.45703099999999997 0.019531 0.054688 0.031250
0 0.705078 0.083984 0.035156 0.042969
0 0.972656 0.337891 0.046875 0.066406
0 0.886719 0.603516 0.031250 0.042969
0 0.763672 0.580078 0.042969 0.050781
0 0.722656 0.541016 0.054688 0.050781
0 0.613281 0.689453 0.093750 0.074219
0 0.626953 0.849609 0.066406 0.035156
0 0.16015599999999997 0.896484 0.046875 0.035156
0 0.04101600000000005 0.583984 0.082031 0.097656
0 0.49609400000000003 0.919922 0.054688 0.058594
0 0.06054700000000002 0.988281 0.074219 0.023438
0 0.29296900000000003 0.404297 0.054688 0.042969
0 0.23046900000000003 0.244141 0.046875 0.058594
0 0.861328 0.302734 0.019531 0.027344
0 0.929688 0.796875 0.023438 0.023438
0 0.9316409999999999 0.931641 0.035156 0.035156
0 0.660156 0.957031 0.031250 0.031250
0 0.45703099999999997 0.392578 0.023438 0.035156
0 0.574219 0.652344 0.031250 0.039062
