0 0.542969 0.019531 0.054688 0.031250
0 0.294922 0.083984 0.035156 0.042969
0 0.027344 0.337891 0.046875 0.066406
0 0.113281 0.603516 0.031250 0.042969
0 0.236328 0.580078 0.042969 0.050781
0 0.277344 0.541016 0.054688 0.050781
0 0.386719 0.689453 0.093750 0.074219
0 0.373047 0.849609 0.066406 0.035156
0 0.839844 0.896484 0.046875 0.035156
0 0.958984 0.583984 0.082031 0.097656
0 0.503906 0.919922 0.054688 0.058594
0 0.939453 0.988281 0.074219 0.023438
0 0.707031 0.404297 0.054688 0.042969
0 0.769531 0.244141 0.046875 0.058594
0 0.138672 0.302734 0.019531 0.027344
0 0.070312 0.796875 0.023438 0.023438
0 0.068359 0.931641 0.035156 0.035156
0 0.339844 0.957031 0.031250 0.031250
0 0.542969 0.392578 0.023438 0.035156
0 0.425781 0.652344 0.031250 0.039062
