0 0.36914100000000005 0.166016 0.042969 0.042969
0 0.390625 0.109375 0.039062 0.046875
0 0.419922 0.494141 0.035156 0.035156
0 0.08593799999999996 0.931641 0.039062 0.035156
0 0.982422 0.312500 0.027344 0.023438
0 0.37890599999999997 0.347656 0.039062 0.031250
0 0.49609400000000003 0.330078 0.031250 0.027344
0 0.769531 0.917969 0.031250 0.039062
0 0.990234 0.781250 0.011719 0.031250
0 0.527344 0.439453 0.031250 0.019531
0 0.5722659999999999 0.197266 0.035156 0.027344
0 0.36914100000000005 0.681641 0.027344 0.027344
0 0.7285159999999999 0.927734 0.027344 0.019531
0 0.757812 0.992188 0.023438 0.015625
