0 0.630859 0.166016 0.042969 0.042969
0 0.609375 0.109375 0.039062 0.046875
0 0.580078 0.494141 0.035156 0.035156
0 0.914062 0.931641 0.039062 0.035156
0 0.017578 0.312500 0.027344 0.023438
0 0.621094 0.347656 0.039062 0.031250
0 0.503906 0.330078 0.031250 0.027344
0 0.230469 0.917969 0.031250 0.039062
0 0.009766 0.781250 0.011719 0.031250
0 0.472656 0.439453 0.031250 0.019531
0 0.427734 0.197266 0.035156 0.027344
0 0.630859 0.681641 0.027344 0.027344
0 0.271484 0.927734 0.027344 0.019531
0 0.242188 0.992188 0.023438 0.015625
