0 0.10546900000000003 0.466797 0.148438 0.105469
0 0.12695299999999998 0.123047 0.035156 0.035156
0 0.04101600000000005 0.583984 0.082031 0.074219
0 0.31835899999999995 0.652344 0.097656 0.078125
0 0.41015599999999997 0.865234 0.039062 0.050781
0 0.34765599999999997 0.835938 0.054688 0.046875
0 0.32031200000000004 0.955078 0.062500 0.066406
0 0.16406200000000004 0.968750 0.226562 0.062500
0 0.5703119999999999 0.873047 0.203125 0.191406
0 0.746094 0.929688 0.062500 0.101562
0 0.955078 0.978516 0.050781 0.042969
0 0.828125 0.482422 0.039062 0.050781
0 0.71875 0.199219 0.039062 0.023438
0 0.683594 0.353516 0.023438 0.019531
