0 0.894531 0.466797 0.148438 0.105469
0 0.873047 0.123047 0.035156 0.035156
0 0.958984 0.583984 0.082031 0.074219
0 0.681641 0.652344 0.097656 0.078125
0 0.589844 0.865234 0.039062 0.050781
0 0.652344 0.835938 0.054688 0.046875
0 0.679688 0.955078 0.062500 0.066406
0 0.835938 0.968750 0.226562 0.062500
0 0.429688 0.873047 0.203125 0.191406
0 0.253906 0.929688 0.062500 0.101562
0 0.044922 0.978516 0.050781 0.042969
0 0.171875 0.482422 0.039062 0.050781
0 0.281250 0.199219 0.039062 0.023438
0 0.316406 0.353516 0.023438 0.019531
