0 0.04101600000000005 0.238281 0.082031 0.062500
0 0.7265619999999999 0.388672 0.039062 0.042969
0 0.982422 0.591797 0.027344 0.050781
0 0.644531 0.476562 0.140625 0.078125
0 0.589844 0.408203 0.039062 0.035156
0 0.511719 0.529297 0.093750 0.058594
0 0.595703 0.580078 0.042969 0.035156
0 0.375 0.562500 0.210938 0.132812
0 0.234375 0.542969 0.101562 0.117188
0 0.125 0.580078 0.148438 0.152344
0 0.71875 0.117188 0.023438 0.062500
0 0.90625 0.753906 0.039062 0.031250
0 0.683594 0.306641 0.031250 0.027344
