0 0.058594000000000035 0.068359 0.117188 0.128906
0 0.42773399999999995 0.019531 0.042969 0.031250
0 0.46093799999999996 0.091797 0.031250 0.035156
0 0.22460899999999995 0.681641 0.035156 0.035156
0 0.359375 0.904297 0.039062 0.035156
0 0.548828 0.912109 0.035156 0.035156
0 0.501953 0.972656 0.042969 0.031250
0 0.298828 0.634766 0.035156 0.035156
0 0.574219 0.562500 0.046875 0.023438
0 0.7285159999999999 0.740234 0.035156 0.027344
0 0.43359400000000003 0.693359 0.023438 0.027344
0 0.45703099999999997 0.941406 0.023438 0.023438
