0 0.767578 0.136719 0.199219 0.187500
0 0.949219 0.070312 0.093750 0.132812
0 0.5253909999999999 0.033203 0.066406 0.058594
0 0.546875 0.392578 0.062500 0.042969
0 0.455078 0.248047 0.097656 0.050781
0 0.451172 0.287109 0.066406 0.050781
0 0.419922 0.210938 0.042969 0.039062
0 0.30859400000000003 0.248047 0.125000 0.089844
0 0.345703 0.347656 0.089844 0.078125
0 0.34765599999999997 0.488281 0.054688 0.046875
0 0.25585899999999995 0.500000 0.050781 0.039062
0 0.32226600000000005 0.578125 0.105469 0.085938
0 0.32226600000000005 0.677734 0.050781 0.050781
0 0.07031200000000004 0.314453 0.140625 0.222656
0 0.09570299999999998 0.734375 0.082031 0.085938
0 0.03710899999999995 0.806641 0.074219 0.082031
0 0.839844 0.957031 0.046875 0.039062
0 0.015625 0.882812 0.031250 0.046875
