0 0.232422 0.136719 0.199219 0.187500
0 0.050781 0.070312 0.093750 0.132812
0 0.474609 0.033203 0.066406 0.058594
0 0.453125 0.392578 0.062500 0.042969
0 0.544922 0.248047 0.097656 0.050781
0 0.548828 0.287109 0.066406 0.050781
0 0.580078 0.210938 0.042969 0.039062
0 0.691406 0.248047 0.125000 0.089844
0 0.654297 0.347656 0.089844 0.078125
0 0.652344 0.488281 0.054688 0.046875
0 0.744141 0.500000 0.050781 0.039062
0 0.677734 0.578125 0.105469 0.085938
0 0.677734 0.677734 0.050781 0.050781
0 0.929688 0.314453 0.140625 0.222656
0 0.904297 0.734375 0.082031 0.085938
0 0.962891 0.806641 0.074219 0.082031
0 0.160156 0.957031 0.046875 0.039062
0 0.984375 0.882812 0.031250 0.046875
