0 0.605469 0.523438 0.070312 0.078125
0 0.267578 0.078125 0.058594 0.062500
0 0.130859 0.023438 0.058594 0.039062
0 0.105469 0.318359 0.062500 0.058594
0 0.160156 0.335938 0.046875 0.062500
0 0.199219 0.320312 0.039062 0.046875
0 0.308594 0.292969 0.046875 0.039062
0 0.687500 0.408203 0.031250 0.042969
0 0.755859 0.509766 0.042969 0.042969
0 0.662109 0.544922 0.050781 0.058594
0 0.857422 0.742188 0.066406 0.078125
0 0.511719 0.652344 0.109375 0.148438
0 0.019531 0.322266 0.031250 0.128906
0 0.095703 0.720703 0.035156 0.035156
0 0.025391 0.566406 0.042969 0.039062
0 0.248047 0.882812 0.488281 0.234375
0 0.693359 0.964844 0.089844 0.070312
0 0.808594 0.906250 0.062500 0.062500
0 0.935547 0.830078 0.035156 0.035156
0 0.041016 0.468750 0.042969 0.039062
0 0.056641 0.416016 0.058594 0.058594
0 0.560547 0.820312 0.105469 0.140625
0 0.679688 0.837891 0.054688 0.074219
0 0.980469 0.625000 0.039062 0.039062
0 0.306641 0.376953 0.035156 0.035156
0 0.699219 0.777344 0.039062 0.046875
