0 0.39453099999999997 0.523438 0.070312 0.078125
0 0.732422 0.078125 0.058594 0.062500
0 0.8691409999999999 0.023438 0.058594 0.039062
0 0.894531 0.318359 0.062500 0.058594
0 0.839844 0.335938 0.046875 0.062500
0 0.800781 0.320312 0.039062 0.046875
0 0.691406 0.292969 0.046875 0.039062
0 0.3125 0.408203 0.031250 0.042969
0 0.24414100000000005 0.509766 0.042969 0.042969
0 0.33789100000000005 0.544922 0.050781 0.058594
0 0.14257799999999998 0.742188 0.066406 0.078125
0 0.48828099999999997 0.652344 0.109375 0.148438
0 0.980469 0.322266 0.031250 0.128906
0 0.904297 0.720703 0.035156 0.035156
0 0.974609 0.566406 0.042969 0.039062
0 0.751953 0.882812 0.488281 0.234375
0 0.30664100000000005 0.964844 0.089844 0.070312
0 0.19140599999999997 0.906250 0.062500 0.062500
0 0.06445299999999998 0.830078 0.035156 0.035156
0 0.9589840000000001 0.468750 0.042969 0.039062
0 0.9433590000000001 0.416016 0.058594 0.058594
0 0.439453 0.820312 0.105469 0.140625
0 0.32031200000000004 0.837891 0.054688 0.074219
0 0.019530999999999965 0.625000 0.039062 0.039062
0 0.6933590000000001 0.376953 0.035156 0.035156
0 0.30078099999999997 0.777344 0.039062 0.046875
