0 0.796875 0.085938 0.093750 0.054688
0 0.753906 0.298828 0.062500 0.050781
0 0.910156 0.476562 0.054688 0.054688
0 0.78125 0.445312 0.039062 0.046875
0 0.49218799999999996 0.447266 0.101562 0.082031
0 0.628906 0.675781 0.078125 0.132812
0 0.15820299999999998 0.517578 0.035156 0.035156
0 0.011719000000000035 0.640625 0.023438 0.054688
0 0.11132799999999998 0.160156 0.050781 0.054688
0 0.03710899999999995 0.035156 0.042969 0.054688
0 0.015625 0.085938 0.031250 0.078125
0 0.96875 0.634766 0.054688 0.042969
0 0.845703 0.341797 0.027344 0.042969
0 0.8691409999999999 0.083984 0.035156 0.035156
0 0.628906 0.380859 0.054688 0.074219
0 0.980469 0.382812 0.023438 0.031250
0 0.734375 0.609375 0.023438 0.023438
0 0.96875 0.777344 0.023438 0.023438
0 0.6953119999999999 0.980469 0.031250 0.023438
0 0.298828 0.404297 0.035156 0.019531
0 0.503906 0.982422 0.031250 0.035156
0 0.988281 0.703125 0.015625 0.023438
