0 0.203125 0.085938 0.093750 0.054688
0 0.246094 0.298828 0.062500 0.050781
0 0.089844 0.476562 0.054688 0.054688
0 0.218750 0.445312 0.039062 0.046875
0 0.507812 0.447266 0.101562 0.082031
0 0.371094 0.675781 0.078125 0.132812
0 0.841797 0.517578 0.035156 0.035156
0 0.988281 0.640625 0.023438 0.054688
0 0.888672 0.160156 0.050781 0.054688
0 0.962891 0.035156 0.042969 0.054688
0 0.984375 0.085938 0.031250 0.078125
0 0.031250 0.634766 0.054688 0.042969
0 0.154297 0.341797 0.027344 0.042969
0 0.130859 0.083984 0.035156 0.035156
0 0.371094 0.380859 0.054688 0.074219
0 0.019531 0.382812 0.023438 0.031250
0 0.265625 0.609375 0.023438 0.023438
0 0.031250 0.777344 0.023438 0.023438
0 0.304688 0.980469 0.031250 0.023438
0 0.701172 0.404297 0.035156 0.019531
0 0.496094 0.982422 0.031250 0.035156
0 0.011719 0.703125 0.015625 0.023438
