0 0.23828099999999997 0.058594 0.054688 0.054688
0 0.328125 0.179688 0.039062 0.031250
0 0.39453099999999997 0.607422 0.054688 0.050781
0 0.935547 0.427734 0.121094 0.160156
0 0.8125 0.337891 0.054688 0.042969
0 0.5371090000000001 0.296875 0.105469 0.101562
0 0.953125 0.621094 0.085938 0.101562
0 0.939453 0.738281 0.027344 0.039062
0 0.925781 0.117188 0.140625 0.156250
0 0.11132799999999998 0.111328 0.066406 0.050781
0 0.48046900000000003 0.400391 0.031250 0.035156
0 0.47460899999999995 0.496094 0.027344 0.039062
0 0.06445299999999998 0.234375 0.035156 0.046875
0 0.7910159999999999 0.669922 0.027344 0.019531
0 0.720703 0.716797 0.019531 0.027344
0 0.7265619999999999 0.810547 0.015625 0.027344
