0 0.224609 0.091797 0.167969 0.144531
0 0.171875 0.169922 0.046875 0.042969
0 0.466797 0.238281 0.082031 0.117188
0 0.568359 0.496094 0.042969 0.046875
0 0.560547 0.410156 0.058594 0.039062
0 0.498047 0.875000 0.035156 0.031250
0 0.554688 0.849609 0.031250 0.027344
0 0.011719 0.652344 0.015625 0.031250
0 0.978516 0.910156 0.042969 0.039062
0 0.859375 0.498047 0.031250 0.027344
0 0.416016 0.140625 0.035156 0.031250
0 0.302734 0.214844 0.027344 0.023438
0 0.375000 0.226562 0.023438 0.023438
0 0.083984 0.273438 0.027344 0.031250
0 0.240234 0.582031 0.035156 0.023438
0 0.562500 0.728516 0.031250 0.035156
0 0.662109 0.617188 0.027344 0.023438
0 0.300781 0.589844 0.023438 0.023438
0 0.251953 0.753906 0.027344 0.023438
