0 0.7753909999999999 0.091797 0.167969 0.144531
0 0.828125 0.169922 0.046875 0.042969
0 0.533203 0.238281 0.082031 0.117188
0 0.43164100000000005 0.496094 0.042969 0.046875
0 0.439453 0.410156 0.058594 0.039062
0 0.501953 0.875000 0.035156 0.031250
0 0.44531200000000004 0.849609 0.031250 0.027344
0 0.988281 0.652344 0.015625 0.031250
0 0.021483999999999948 0.910156 0.042969 0.039062
0 0.140625 0.498047 0.031250 0.027344
0 0.5839840000000001 0.140625 0.035156 0.031250
0 0.6972659999999999 0.214844 0.027344 0.023438
0 0.625 0.226562 0.023438 0.023438
0 0.9160159999999999 0.273438 0.027344 0.031250
0 0.7597659999999999 0.582031 0.035156 0.023438
0 0.4375 0.728516 0.031250 0.035156
0 0.33789100000000005 0.617188 0.027344 0.023438
0 0.699219 0.589844 0.023438 0.023438
0 0.748047 0.753906 0.027344 0.023438
