0 0.6035159999999999 0.128906 0.027344 0.046875
0 0.08203099999999997 0.056641 0.039062 0.035156
0 0.17968799999999996 0.140625 0.039062 0.046875
0 0.326172 0.390625 0.097656 0.093750
0 0.6015619999999999 0.693359 0.023438 0.035156
0 0.25390599999999997 0.937500 0.046875 0.046875
0 0.027344000000000035 0.925781 0.031250 0.031250
0 0.08398399999999995 0.966797 0.058594 0.066406
0 0.703125 0.841797 0.062500 0.050781
0 0.814453 0.900391 0.230469 0.167969
0 0.861328 0.601562 0.042969 0.039062
0 0.22656200000000004 0.208984 0.046875 0.050781
0 0.04492200000000002 0.367188 0.035156 0.031250
0 0.882812 0.462891 0.031250 0.035156
0 0.02343799999999996 0.041016 0.023438 0.042969
0 0.09960899999999995 0.390625 0.042969 0.031250
0 0.902344 0.755859 0.023438 0.019531
0 0.8535159999999999 0.810547 0.019531 0.027344
0 0.904297 0.720703 0.019531 0.027344
