0 0.396484 0.128906 0.027344 0.046875
0 0.917969 0.056641 0.039062 0.035156
0 0.820312 0.140625 0.039062 0.046875
0 0.673828 0.390625 0.097656 0.093750
0 0.398438 0.693359 0.023438 0.035156
0 0.746094 0.937500 0.046875 0.046875
0 0.972656 0.925781 0.031250 0.031250
0 0.916016 0.966797 0.058594 0.066406
0 0.296875 0.841797 0.062500 0.050781
0 0.185547 0.900391 0.230469 0.167969
0 0.138672 0.601562 0.042969 0.039062
0 0.773438 0.208984 0.046875 0.050781
0 0.955078 0.367188 0.035156 0.031250
0 0.117188 0.462891 0.031250 0.035156
0 0.976562 0.041016 0.023438 0.042969
0 0.900391 0.390625 0.042969 0.031250
0 0.097656 0.755859 0.023438 0.019531
0 0.146484 0.810547 0.019531 0.027344
0 0.095703 0.720703 0.019531 0.027344
