0 0.560547 0.234375 0.183594 0.218750
0 0.42578099999999997 0.275391 0.039062 0.042969
0 0.09765599999999997 0.091797 0.062500 0.050781
0 0.18359400000000003 0.029297 0.039062 0.042969
0 0.779297 0.214844 0.050781 0.093750
0 0.720703 0.285156 0.035156 0.039062
0 0.984375 0.050781 0.023438 0.039062
0 0.9433590000000001 0.031250 0.027344 0.039062
0 0.898438 0.062500 0.054688 0.062500
0 0.53125 0.546875 0.054688 0.054688
0 0.408203 0.632812 0.066406 0.054688
0 0.375 0.568359 0.039062 0.035156
0 0.939453 0.759766 0.035156 0.058594
0 0.886719 0.730469 0.039062 0.046875
0 0.25 0.869141 0.062500 0.050781
0 0.24023399999999995 0.964844 0.042969 0.039062
0 0.855469 0.103516 0.031250 0.027344
0 0.738281 0.408203 0.023438 0.019531
0 0.18164100000000005 0.958984 0.035156 0.027344
