0 0.439453 0.234375 0.183594 0.218750
0 0.574219 0.275391 0.039062 0.042969
0 0.902344 0.091797 0.062500 0.050781
0 0.816406 0.029297 0.039062 0.042969
0 0.220703 0.214844 0.050781 0.093750
0 0.279297 0.285156 0.035156 0.039062
0 0.015625 0.050781 0.023438 0.039062
0 0.056641 0.031250 0.027344 0.039062
0 0.101562 0.062500 0.054688 0.062500
0 0.468750 0.546875 0.054688 0.054688
0 0.591797 0.632812 0.066406 0.054688
0 0.625000 0.568359 0.039062 0.035156
0 0.060547 0.759766 0.035156 0.058594
0 0.113281 0.730469 0.039062 0.046875
0 0.750000 0.869141 0.062500 0.050781
0 0.759766 0.964844 0.042969 0.039062
0 0.144531 0.103516 0.031250 0.027344
0 0.261719 0.408203 0.023438 0.019531
0 0.818359 0.958984 0.035156 0.027344
