0 0.160156 0.164062 0.039062 0.078125
0 0.578125 0.201172 0.093750 0.066406
0 0.648438 0.089844 0.046875 0.039062
0 0.439453 0.255859 0.066406 0.097656
0 0.660156 0.224609 0.054688 0.074219
0 0.490234 0.375000 0.042969 0.039062
0 0.302734 0.408203 0.035156 0.042969
0 0.726562 0.478516 0.031250 0.035156
0 0.955078 0.523438 0.089844 0.078125
0 0.414062 0.792969 0.187500 0.156250
0 0.177734 0.882812 0.128906 0.101562
0 0.357422 0.955078 0.191406 0.089844
0 0.277344 0.207031 0.078125 0.031250
0 0.986328 0.181641 0.027344 0.035156
0 0.927734 0.203125 0.027344 0.023438
0 0.583984 0.267578 0.019531 0.027344
