0 0.839844 0.164062 0.039062 0.078125
0 0.421875 0.201172 0.093750 0.066406
0 0.35156200000000004 0.089844 0.046875 0.039062
0 0.560547 0.255859 0.066406 0.097656
0 0.33984400000000003 0.224609 0.054688 0.074219
0 0.5097659999999999 0.375000 0.042969 0.039062
0 0.6972659999999999 0.408203 0.035156 0.042969
0 0.27343799999999996 0.478516 0.031250 0.035156
0 0.04492200000000002 0.523438 0.089844 0.078125
0 0.5859380000000001 0.792969 0.187500 0.156250
0 0.8222659999999999 0.882812 0.128906 0.101562
0 0.642578 0.955078 0.191406 0.089844
0 0.722656 0.207031 0.078125 0.031250
0 0.013672000000000017 0.181641 0.027344 0.035156
0 0.07226600000000005 0.203125 0.027344 0.023438
0 0.41601600000000005 0.267578 0.019531 0.027344
