0 0.787109 0.296875 0.113281 0.085938
0 0.912109 0.240234 0.066406 0.058594
0 0.964844 0.351562 0.062500 0.054688
0 0.816406 0.429688 0.062500 0.070312
0 0.714844 0.390625 0.054688 0.054688
0 0.607422 0.285156 0.175781 0.117188
0 0.373047 0.228516 0.199219 0.136719
0 0.287109 0.285156 0.105469 0.101562
0 0.156250 0.542969 0.046875 0.054688
0 0.513672 0.441406 0.082031 0.062500
0 0.361328 0.601562 0.042969 0.039062
0 0.351562 0.687500 0.070312 0.062500
0 0.554688 0.666016 0.132812 0.082031
0 0.656250 0.554688 0.062500 0.070312
0 0.175781 0.740234 0.085938 0.058594
0 0.291016 0.863281 0.035156 0.031250
0 0.183594 0.820312 0.062500 0.054688
0 0.564453 0.765625 0.035156 0.039062
0 0.615234 0.755859 0.074219 0.066406
0 0.568359 0.894531 0.339844 0.195312
0 0.337891 0.962891 0.050781 0.058594
0 0.931641 0.951172 0.089844 0.050781
0 0.990234 0.976562 0.019531 0.046875
0 0.162109 0.289062 0.058594 0.054688
0 0.634766 0.109375 0.035156 0.046875
0 0.697266 0.181641 0.050781 0.050781
0 0.394531 0.564453 0.031250 0.035156
0 0.722656 0.035156 0.054688 0.031250
0 0.955078 0.308594 0.035156 0.023438
0 0.535156 0.548828 0.023438 0.027344
