0 0.21289100000000005 0.296875 0.113281 0.085938
0 0.08789100000000005 0.240234 0.066406 0.058594
0 0.035155999999999965 0.351562 0.062500 0.054688
0 0.18359400000000003 0.429688 0.062500 0.070312
0 0.28515599999999997 0.390625 0.054688 0.054688
0 0.392578 0.285156 0.175781 0.117188
0 0.626953 0.228516 0.199219 0.136719
0 0.7128909999999999 0.285156 0.105469 0.101562
0 0.84375 0.542969 0.046875 0.054688
0 0.486328 0.441406 0.082031 0.062500
0 0.638672 0.601562 0.042969 0.039062
0 0.6484380000000001 0.687500 0.070312 0.062500
0 0.44531200000000004 0.666016 0.132812 0.082031
0 0.34375 0.554688 0.062500 0.070312
0 0.824219 0.740234 0.085938 0.058594
0 0.7089840000000001 0.863281 0.035156 0.031250
0 0.816406 0.820312 0.062500 0.054688
0 0.435547 0.765625 0.035156 0.039062
0 0.38476600000000005 0.755859 0.074219 0.066406
0 0.43164100000000005 0.894531 0.339844 0.195312
0 0.6621090000000001 0.962891 0.050781 0.058594
0 0.06835899999999995 0.951172 0.089844 0.050781
0 0.009766000000000052 0.976562 0.019531 0.046875
0 0.8378909999999999 0.289062 0.058594 0.054688
0 0.36523399999999995 0.109375 0.035156 0.046875
0 0.30273399999999995 0.181641 0.050781 0.050781
0 0.605469 0.564453 0.031250 0.035156
0 0.27734400000000003 0.035156 0.054688 0.031250
0 0.04492200000000002 0.308594 0.035156 0.023438
0 0.46484400000000003 0.548828 0.023438 0.027344
