0 0.36914100000000005 0.214844 0.050781 0.054688
0 0.8066409999999999 0.667969 0.136719 0.117188
0 0.7753909999999999 0.833984 0.050781 0.050781
0 0.707031 0.855469 0.078125 0.078125
0 0.6191409999999999 0.800781 0.097656 0.078125
0 0.845703 0.947266 0.058594 0.058594
0 0.296875 0.892578 0.054688 0.058594
0 0.36328099999999997 0.914062 0.078125 0.085938
0 0.6621090000000001 0.093750 0.035156 0.039062
0 0.972656 0.330078 0.046875 0.035156
0 0.955078 0.472656 0.035156 0.054688
0 0.30664100000000005 0.044922 0.042969 0.042969
0 0.05664100000000005 0.326172 0.050781 0.042969
0 0.894531 0.421875 0.039062 0.039062
0 0.941406 0.980469 0.054688 0.039062
0 0.636719 0.919922 0.031250 0.042969
0 0.5878909999999999 0.951172 0.027344 0.042969
0 0.511719 0.796875 0.046875 0.046875
0 0.44921900000000003 0.921875 0.078125 0.054688
0 0.964844 0.167969 0.031250 0.023438
0 0.7128909999999999 0.320312 0.027344 0.031250
0 0.5859380000000001 0.566406 0.031250 0.062500
0 0.6191409999999999 0.037109 0.027344 0.027344
0 0.613281 0.125000 0.031250 0.023438
0 0.904297 0.224609 0.035156 0.027344
0 0.683594 0.535156 0.023438 0.023438
0 0.16015599999999997 0.812500 0.039062 0.031250
0 0.019530999999999965 0.890625 0.031250 0.031250
0 0.683594 0.437500 0.031250 0.015625
0 0.763672 0.207031 0.027344 0.023438
0 0.279297 0.371094 0.027344 0.015625
0 0.27148399999999995 0.402344 0.019531 0.023438
0 0.12109400000000003 0.531250 0.015625 0.023438
