0 0.630859 0.214844 0.050781 0.054688
0 0.193359 0.667969 0.136719 0.117188
0 0.224609 0.833984 0.050781 0.050781
0 0.292969 0.855469 0.078125 0.078125
0 0.380859 0.800781 0.097656 0.078125
0 0.154297 0.947266 0.058594 0.058594
0 0.703125 0.892578 0.054688 0.058594
0 0.636719 0.914062 0.078125 0.085938
0 0.337891 0.093750 0.035156 0.039062
0 0.027344 0.330078 0.046875 0.035156
0 0.044922 0.472656 0.035156 0.054688
0 0.693359 0.044922 0.042969 0.042969
0 0.943359 0.326172 0.050781 0.042969
0 0.105469 0.421875 0.039062 0.039062
0 0.058594 0.980469 0.054688 0.039062
0 0.363281 0.919922 0.031250 0.042969
0 0.412109 0.951172 0.027344 0.042969
0 0.488281 0.796875 0.046875 0.046875
0 0.550781 0.921875 0.078125 0.054688
0 0.035156 0.167969 0.031250 0.023438
0 0.287109 0.320312 0.027344 0.031250
0 0.414062 0.566406 0.031250 0.062500
0 0.380859 0.037109 0.027344 0.027344
0 0.386719 0.125000 0.031250 0.023438
0 0.095703 0.224609 0.035156 0.027344
0 0.316406 0.535156 0.023438 0.023438
0 0.839844 0.812500 0.039062 0.031250
0 0.980469 0.890625 0.031250 0.031250
0 0.316406 0.437500 0.031250 0.015625
0 0.236328 0.207031 0.027344 0.023438
0 0.720703 0.371094 0.027344 0.015625
0 0.728516 0.402344 0.019531 0.023438
0 0.878906 0.531250 0.015625 0.023438
