0 0.185547 0.203125 0.128906 0.195312
0 0.796875 0.406250 0.039062 0.031250
0 0.957031 0.427734 0.039062 0.042969
0 0.990234 0.464844 0.019531 0.031250
0 0.091797 0.927734 0.152344 0.105469
0 0.113281 0.763672 0.031250 0.035156
0 0.523438 0.031250 0.023438 0.031250
0 0.619141 0.218750 0.035156 0.039062
0 0.029297 0.546875 0.035156 0.046875
0 0.658203 0.449219 0.035156 0.046875
0 0.251953 0.011719 0.035156 0.015625
0 0.552734 0.294922 0.019531 0.019531
0 0.589844 0.339844 0.023438 0.023438
0 0.478516 0.156250 0.019531 0.015625
0 0.460938 0.539062 0.023438 0.015625
0 0.816406 0.060547 0.023438 0.019531
0 0.144531 0.634766 0.023438 0.027344
0 0.107422 0.660156 0.027344 0.023438
0 0.373047 0.414062 0.027344 0.031250
