0 0.814453 0.203125 0.128906 0.195312
0 0.203125 0.406250 0.039062 0.031250
0 0.042969000000000035 0.427734 0.039062 0.042969
0 0.009766000000000052 0.464844 0.019531 0.031250
0 0.908203 0.927734 0.152344 0.105469
0 0.886719 0.763672 0.031250 0.035156
0 0.47656200000000004 0.031250 0.023438 0.031250
0 0.38085899999999995 0.218750 0.035156 0.039062
0 0.970703 0.546875 0.035156 0.046875
0 0.341797 0.449219 0.035156 0.046875
0 0.748047 0.011719 0.035156 0.015625
0 0.44726600000000005 0.294922 0.019531 0.019531
0 0.41015599999999997 0.339844 0.023438 0.023438
0 0.5214840000000001 0.156250 0.019531 0.015625
0 0.5390619999999999 0.539062 0.023438 0.015625
0 0.18359400000000003 0.060547 0.023438 0.019531
0 0.855469 0.634766 0.023438 0.027344
0 0.892578 0.660156 0.027344 0.023438
0 0.626953 0.414062 0.027344 0.031250
