0 0.78125 0.087891 0.109375 0.082031
0 0.699219 0.250000 0.039062 0.039062
0 0.296875 0.457031 0.046875 0.070312
0 0.30078099999999997 0.048828 0.046875 0.035156
0 0.30078099999999997 0.017578 0.054688 0.027344
0 0.12109400000000003 0.021484 0.078125 0.035156
0 0.30664100000000005 0.183594 0.027344 0.046875
0 0.919922 0.468750 0.089844 0.039062
0 0.9589840000000001 0.523438 0.042969 0.039062
0 0.40625 0.167969 0.046875 0.039062
0 0.5390619999999999 0.097656 0.039062 0.031250
0 0.16601600000000005 0.248047 0.050781 0.050781
0 0.04101600000000005 0.302734 0.027344 0.050781
0 0.470703 0.486328 0.035156 0.042969
0 0.41601600000000005 0.453125 0.050781 0.054688
0 0.341797 0.388672 0.074219 0.074219
0 0.654297 0.853516 0.042969 0.035156
0 0.533203 0.949219 0.042969 0.046875
0 0.373047 0.701172 0.035156 0.042969
0 0.08007799999999998 0.837891 0.035156 0.035156
0 0.423828 0.667969 0.019531 0.023438
0 0.42578099999999997 0.748047 0.031250 0.019531
0 0.24023399999999995 0.792969 0.035156 0.023438
0 0.17578099999999997 0.900391 0.031250 0.027344
0 0.11914100000000005 0.949219 0.019531 0.023438
0 0.38476600000000005 0.332031 0.019531 0.023438
0 0.013672000000000017 0.083984 0.027344 0.035156
0 0.44335899999999995 0.027344 0.011719 0.015625
0 0.6035159999999999 0.058594 0.019531 0.015625
0 0.6464840000000001 0.156250 0.027344 0.023438
0 0.15625 0.648438 0.023438 0.031250
0 0.671875 0.751953 0.023438 0.019531
0 0.746094 0.875000 0.023438 0.023438
0 0.607422 0.621094 0.027344 0.015625
0 0.18164100000000005 0.136719 0.011719 0.015625
0 0.14648399999999995 0.095703 0.027344 0.035156
0 0.21289100000000005 0.867188 0.027344 0.031250
0 0.21679700000000002 0.902344 0.027344 0.023438
0 0.025391000000000052 0.455078 0.027344 0.019531
0 0.933594 0.191406 0.015625 0.015625
0 0.7285159999999999 0.083984 0.019531 0.019531
