0 0.218750 0.087891 0.109375 0.082031
0 0.300781 0.250000 0.039062 0.039062
0 0.703125 0.457031 0.046875 0.070312
0 0.699219 0.048828 0.046875 0.035156
0 0.699219 0.017578 0.054688 0.027344
0 0.878906 0.021484 0.078125 0.035156
0 0.693359 0.183594 0.027344 0.046875
0 0.080078 0.468750 0.089844 0.039062
0 0.041016 0.523438 0.042969 0.039062
0 0.593750 0.167969 0.046875 0.039062
0 0.460938 0.097656 0.039062 0.031250
0 0.833984 0.248047 0.050781 0.050781
0 0.958984 0.302734 0.027344 0.050781
0 0.529297 0.486328 0.035156 0.042969
0 0.583984 0.453125 0.050781 0.054688
0 0.658203 0.388672 0.074219 0.074219
0 0.345703 0.853516 0.042969 0.035156
0 0.466797 0.949219 0.042969 0.046875
0 0.626953 0.701172 0.035156 0.042969
0 0.919922 0.837891 0.035156 0.035156
0 0.576172 0.667969 0.019531 0.023438
0 0.574219 0.748047 0.031250 0.019531
0 0.759766 0.792969 0.035156 0.023438
0 0.824219 0.900391 0.031250 0.027344
0 0.880859 0.949219 0.019531 0.023438
0 0.615234 0.332031 0.019531 0.023438
0 0.986328 0.083984 0.027344 0.035156
0 0.556641 0.027344 0.011719 0.015625
0 0.396484 0.058594 0.019531 0.015625
0 0.353516 0.156250 0.027344 0.023438
0 0.843750 0.648438 0.023438 0.031250
0 0.328125 0.751953 0.023438 0.019531
0 0.253906 0.875000 0.023438 0.023438
0 0.392578 0.621094 0.027344 0.015625
0 0.818359 0.136719 0.011719 0.015625
0 0.853516 0.095703 0.027344 0.035156
0 0.787109 0.867188 0.027344 0.031250
0 0.783203 0.902344 0.027344 0.023438
0 0.974609 0.455078 0.027344 0.019531
0 0.066406 0.191406 0.015625 0.015625
0 0.271484 0.083984 0.019531 0.019531
