0 0.945312 0.027344 0.070312 0.046875
0 0.806641 0.091797 0.066406 0.066406
0 0.722656 0.050781 0.046875 0.046875
0 0.759766 0.226562 0.042969 0.046875
0 0.873047 0.167969 0.058594 0.070312
0 0.419922 0.296875 0.152344 0.125000
0 0.666016 0.429688 0.027344 0.031250
0 0.583984 0.488281 0.027344 0.039062
0 0.160156 0.937500 0.031250 0.046875
0 0.707031 0.726562 0.039062 0.031250
0 0.855469 0.984375 0.046875 0.031250
0 0.712891 0.580078 0.035156 0.042969
0 0.974609 0.501953 0.035156 0.035156
0 0.007812 0.568359 0.007812 0.019531
0 0.142578 0.242188 0.035156 0.023438
0 0.128906 0.193359 0.023438 0.027344
0 0.921875 0.710938 0.039062 0.031250
0 0.814453 0.802734 0.027344 0.019531
0 0.703125 0.330078 0.046875 0.035156
0 0.914062 0.378906 0.023438 0.031250
0 0.599609 0.687500 0.019531 0.015625
0 0.087891 0.201172 0.027344 0.019531
