0 0.05468799999999996 0.027344 0.070312 0.046875
0 0.19335899999999995 0.091797 0.066406 0.066406
0 0.27734400000000003 0.050781 0.046875 0.046875
0 0.24023399999999995 0.226562 0.042969 0.046875
0 0.12695299999999998 0.167969 0.058594 0.070312
0 0.580078 0.296875 0.152344 0.125000
0 0.33398399999999995 0.429688 0.027344 0.031250
0 0.41601600000000005 0.488281 0.027344 0.039062
0 0.839844 0.937500 0.031250 0.046875
0 0.29296900000000003 0.726562 0.039062 0.031250
0 0.14453099999999997 0.984375 0.046875 0.031250
0 0.28710899999999995 0.580078 0.035156 0.042969
0 0.025391000000000052 0.501953 0.035156 0.035156
0 0.992188 0.568359 0.007812 0.019531
0 0.857422 0.242188 0.035156 0.023438
0 0.871094 0.193359 0.023438 0.027344
0 0.078125 0.710938 0.039062 0.031250
0 0.18554700000000002 0.802734 0.027344 0.019531
0 0.296875 0.330078 0.046875 0.035156
0 0.08593799999999996 0.378906 0.023438 0.031250
0 0.40039100000000005 0.687500 0.019531 0.015625
0 0.9121090000000001 0.201172 0.027344 0.019531
