0 0.22265599999999997 0.083984 0.093750 0.082031
0 0.736328 0.216797 0.128906 0.105469
0 0.7871090000000001 0.390625 0.089844 0.078125
0 0.804688 0.478516 0.250000 0.144531
0 0.5625 0.568359 0.031250 0.058594
0 0.34765599999999997 0.404297 0.070312 0.066406
0 0.40234400000000003 0.503906 0.109375 0.117188
0 0.20898399999999995 0.410156 0.082031 0.093750
0 0.19726600000000005 0.492188 0.058594 0.046875
0 0.16406200000000004 0.601562 0.093750 0.070312
0 0.09765599999999997 0.724609 0.046875 0.042969
0 0.035155999999999965 0.785156 0.046875 0.039062
0 0.5214840000000001 0.621094 0.042969 0.046875
0 0.36718799999999996 0.683594 0.046875 0.046875
0 0.314453 0.740234 0.050781 0.050781
0 0.5214840000000001 0.818359 0.027344 0.042969
0 0.6347659999999999 0.906250 0.035156 0.031250
0 0.20507799999999998 0.923828 0.035156 0.050781
0 0.859375 0.166016 0.046875 0.042969
0 0.28515599999999997 0.617188 0.031250 0.031250
0 0.486328 0.763672 0.027344 0.027344
0 0.5 0.681641 0.093750 0.050781
0 0.3125 0.904297 0.023438 0.019531
0 0.6347659999999999 0.718750 0.035156 0.039062
0 0.294922 0.953125 0.027344 0.023438
