0 0.777344 0.083984 0.093750 0.082031
0 0.263672 0.216797 0.128906 0.105469
0 0.212891 0.390625 0.089844 0.078125
0 0.195312 0.478516 0.250000 0.144531
0 0.437500 0.568359 0.031250 0.058594
0 0.652344 0.404297 0.070312 0.066406
0 0.597656 0.503906 0.109375 0.117188
0 0.791016 0.410156 0.082031 0.093750
0 0.802734 0.492188 0.058594 0.046875
0 0.835938 0.601562 0.093750 0.070312
0 0.902344 0.724609 0.046875 0.042969
0 0.964844 0.785156 0.046875 0.039062
0 0.478516 0.621094 0.042969 0.046875
0 0.632812 0.683594 0.046875 0.046875
0 0.685547 0.740234 0.050781 0.050781
0 0.478516 0.818359 0.027344 0.042969
0 0.365234 0.906250 0.035156 0.031250
0 0.794922 0.923828 0.035156 0.050781
0 0.140625 0.166016 0.046875 0.042969
0 0.714844 0.617188 0.031250 0.031250
0 0.513672 0.763672 0.027344 0.027344
0 0.500000 0.681641 0.093750 0.050781
0 0.687500 0.904297 0.023438 0.019531
0 0.365234 0.718750 0.035156 0.039062
0 0.705078 0.953125 0.027344 0.023438
