0 0.7558590000000001 0.308594 0.035156 0.039062
0 0.7128909999999999 0.195312 0.027344 0.062500
0 0.38085899999999995 0.634766 0.050781 0.042969
0 0.375 0.716797 0.054688 0.066406
0 0.423828 0.724609 0.035156 0.042969
0 0.826172 0.962891 0.082031 0.074219
0 0.851562 0.568359 0.187500 0.136719
0 0.109375 0.609375 0.218750 0.101562
0 0.04101600000000005 0.746094 0.082031 0.093750
0 0.6191409999999999 0.587891 0.027344 0.035156
0 0.9375 0.673828 0.054688 0.042969
0 0.341797 0.445312 0.019531 0.023438
0 0.14843799999999996 0.347656 0.023438 0.023438
0 0.05468799999999996 0.013672 0.031250 0.019531
0 0.12304700000000002 0.910156 0.019531 0.023438
0 0.691406 0.320312 0.046875 0.031250
