0 0.244141 0.308594 0.035156 0.039062
0 0.287109 0.195312 0.027344 0.062500
0 0.619141 0.634766 0.050781 0.042969
0 0.625000 0.716797 0.054688 0.066406
0 0.576172 0.724609 0.035156 0.042969
0 0.173828 0.962891 0.082031 0.074219
0 0.148438 0.568359 0.187500 0.136719
0 0.890625 0.609375 0.218750 0.101562
0 0.958984 0.746094 0.082031 0.093750
0 0.380859 0.587891 0.027344 0.035156
0 0.062500 0.673828 0.054688 0.042969
0 0.658203 0.445312 0.019531 0.023438
0 0.851562 0.347656 0.023438 0.023438
0 0.945312 0.013672 0.031250 0.019531
0 0.876953 0.910156 0.019531 0.023438
0 0.308594 0.320312 0.046875 0.031250
