0 0.652344 0.748047 0.054688 0.050781
0 0.580078 0.605469 0.082031 0.070312
0 0.542969 0.671875 0.078125 0.062500
0 0.345703 0.300781 0.042969 0.039062
0 0.279297 0.492188 0.042969 0.046875
0 0.09765599999999997 0.265625 0.046875 0.039062
0 0.345703 0.023438 0.050781 0.039062
0 0.820312 0.955078 0.132812 0.089844
0 0.6621090000000001 0.904297 0.042969 0.042969
0 0.6464840000000001 0.222656 0.160156 0.109375
0 0.777344 0.189453 0.062500 0.058594
0 0.904297 0.082031 0.089844 0.070312
0 0.25976600000000005 0.957031 0.035156 0.023438
0 0.019530999999999965 0.855469 0.023438 0.015625
0 0.757812 0.009766 0.015625 0.011719
