0 0.347656 0.748047 0.054688 0.050781
0 0.419922 0.605469 0.082031 0.070312
0 0.457031 0.671875 0.078125 0.062500
0 0.654297 0.300781 0.042969 0.039062
0 0.720703 0.492188 0.042969 0.046875
0 0.902344 0.265625 0.046875 0.039062
0 0.654297 0.023438 0.050781 0.039062
0 0.179688 0.955078 0.132812 0.089844
0 0.337891 0.904297 0.042969 0.042969
0 0.353516 0.222656 0.160156 0.109375
0 0.222656 0.189453 0.062500 0.058594
0 0.095703 0.082031 0.089844 0.070312
0 0.740234 0.957031 0.035156 0.023438
0 0.980469 0.855469 0.023438 0.015625
0 0.242188 0.009766 0.015625 0.011719
