0 0.023438 0.087891 0.039062 0.066406
0 0.847656 0.912109 0.078125 0.066406
0 0.855469 0.968750 0.109375 0.062500
0 0.621094 0.966797 0.070312 0.066406
0 0.158203 0.130859 0.050781 0.042969
0 0.072266 0.148438 0.066406 0.070312
0 0.119141 0.839844 0.035156 0.031250
0 0.121094 0.423828 0.039062 0.035156
0 0.816406 0.375000 0.046875 0.046875
0 0.917969 0.638672 0.046875 0.074219
0 0.046875 0.933594 0.023438 0.031250
0 0.482422 0.533203 0.019531 0.027344
0 0.351562 0.630859 0.023438 0.027344
0 0.794922 0.275391 0.019531 0.019531
0 0.349609 0.189453 0.042969 0.027344
