0 0.976562 0.087891 0.039062 0.066406
0 0.15234400000000003 0.912109 0.078125 0.066406
0 0.14453099999999997 0.968750 0.109375 0.062500
0 0.37890599999999997 0.966797 0.070312 0.066406
0 0.841797 0.130859 0.050781 0.042969
0 0.9277340000000001 0.148438 0.066406 0.070312
0 0.8808590000000001 0.839844 0.035156 0.031250
0 0.878906 0.423828 0.039062 0.035156
0 0.18359400000000003 0.375000 0.046875 0.046875
0 0.08203099999999997 0.638672 0.046875 0.074219
0 0.953125 0.933594 0.023438 0.031250
0 0.517578 0.533203 0.019531 0.027344
0 0.6484380000000001 0.630859 0.023438 0.027344
0 0.20507799999999998 0.275391 0.019531 0.019531
0 0.6503909999999999 0.189453 0.042969 0.027344
