0 0.580078 0.363281 0.035156 0.039062
0 0.738281 0.603516 0.031250 0.027344
0 0.623047 0.791016 0.074219 0.074219
0 0.970703 0.845703 0.050781 0.050781
0 0.27148399999999995 0.902344 0.042969 0.039062
0 0.15429700000000002 0.962891 0.035156 0.035156
0 0.7441409999999999 0.291016 0.050781 0.035156
0 0.519531 0.541016 0.023438 0.019531
0 0.09765599999999997 0.076172 0.039062 0.035156
0 0.25390599999999997 0.062500 0.046875 0.046875
0 0.06445299999999998 0.021484 0.019531 0.035156
0 0.40039100000000005 0.705078 0.019531 0.027344
0 0.25976600000000005 0.591797 0.019531 0.019531
0 0.9316409999999999 0.210938 0.027344 0.023438
0 0.851562 0.519531 0.015625 0.023438
0 0.21093799999999996 0.976562 0.015625 0.015625
