0 0.419922 0.363281 0.035156 0.039062
0 0.261719 0.603516 0.031250 0.027344
0 0.376953 0.791016 0.074219 0.074219
0 0.029297 0.845703 0.050781 0.050781
0 0.728516 0.902344 0.042969 0.039062
0 0.845703 0.962891 0.035156 0.035156
0 0.255859 0.291016 0.050781 0.035156
0 0.480469 0.541016 0.023438 0.019531
0 0.902344 0.076172 0.039062 0.035156
0 0.746094 0.062500 0.046875 0.046875
0 0.935547 0.021484 0.019531 0.035156
0 0.599609 0.705078 0.019531 0.027344
0 0.740234 0.591797 0.019531 0.019531
0 0.068359 0.210938 0.027344 0.023438
0 0.148438 0.519531 0.015625 0.023438
0 0.789062 0.976562 0.015625 0.015625
