0 0.029297 0.343750 0.027344 0.031250
0 0.285156 0.138672 0.039062 0.042969
0 0.759766 0.050781 0.050781 0.039062
0 0.763672 0.015625 0.097656 0.023438
0 0.982422 0.083984 0.035156 0.066406
0 0.455078 0.902344 0.042969 0.039062
0 0.375000 0.935547 0.062500 0.050781
0 0.269531 0.949219 0.046875 0.054688
0 0.562500 0.884766 0.031250 0.042969
0 0.214844 0.455078 0.039062 0.035156
0 0.939453 0.812500 0.035156 0.054688
0 0.058594 0.275391 0.031250 0.035156
0 0.335938 0.792969 0.023438 0.015625
0 0.734375 0.986328 0.031250 0.027344
0 0.285156 0.291016 0.046875 0.058594
