0 0.789062 0.062500 0.039062 0.031250
0 0.7128909999999999 0.064453 0.035156 0.027344
0 0.6621090000000001 0.093750 0.035156 0.039062
0 0.6191409999999999 0.130859 0.058594 0.066406
0 0.84375 0.474609 0.039062 0.027344
0 0.8496090000000001 0.527344 0.082031 0.054688
0 0.6953119999999999 0.279297 0.039062 0.050781
0 0.7285159999999999 0.156250 0.042969 0.039062
0 0.779297 0.117188 0.035156 0.039062
0 0.15234400000000003 0.417969 0.039062 0.046875
0 0.11523399999999995 0.550781 0.035156 0.031250
0 0.017577999999999983 0.919922 0.035156 0.042969
0 0.591797 0.974609 0.066406 0.050781
0 0.13281200000000004 0.970703 0.101562 0.058594
0 0.30078099999999997 0.970703 0.179688 0.058594
0 0.5058590000000001 0.357422 0.035156 0.035156
0 0.24023399999999995 0.347656 0.035156 0.031250
0 0.6328119999999999 0.457031 0.023438 0.031250
0 0.888672 0.296875 0.027344 0.023438
0 0.78125 0.230469 0.023438 0.031250
0 0.373047 0.884766 0.035156 0.019531
0 0.25976600000000005 0.314453 0.019531 0.019531
