0 0.414062 0.056641 0.046875 0.042969
0 0.113281 0.365234 0.054688 0.066406
0 0.175781 0.365234 0.078125 0.097656
0 0.216797 0.263672 0.066406 0.113281
0 0.285156 0.269531 0.054688 0.101562
0 0.345703 0.314453 0.097656 0.121094
0 0.382812 0.390625 0.039062 0.046875
0 0.458984 0.302734 0.082031 0.113281
0 0.560547 0.361328 0.058594 0.066406
0 0.617188 0.337891 0.046875 0.066406
0 0.705078 0.337891 0.058594 0.042969
0 0.767578 0.347656 0.066406 0.070312
0 0.845703 0.365234 0.097656 0.089844
0 0.882812 0.437500 0.046875 0.093750
0 0.912109 0.130859 0.035156 0.042969
0 0.423828 0.910156 0.035156 0.023438
0 0.519531 0.927734 0.054688 0.042969
0 0.607422 0.910156 0.058594 0.062500
0 0.619141 0.126953 0.042969 0.035156
0 0.718750 0.115234 0.031250 0.042969
0 0.505859 0.044922 0.050781 0.058594
0 0.986328 0.386719 0.027344 0.070312
0 0.986328 0.285156 0.027344 0.039062
0 0.242188 0.568359 0.023438 0.027344
0 0.349609 0.861328 0.019531 0.019531
0 0.974609 0.880859 0.027344 0.027344
0 0.750000 0.228516 0.023438 0.027344
