0 0.5859380000000001 0.056641 0.046875 0.042969
0 0.886719 0.365234 0.054688 0.066406
0 0.824219 0.365234 0.078125 0.097656
0 0.783203 0.263672 0.066406 0.113281
0 0.714844 0.269531 0.054688 0.101562
0 0.654297 0.314453 0.097656 0.121094
0 0.6171880000000001 0.390625 0.039062 0.046875
0 0.5410159999999999 0.302734 0.082031 0.113281
0 0.439453 0.361328 0.058594 0.066406
0 0.38281200000000004 0.337891 0.046875 0.066406
0 0.294922 0.337891 0.058594 0.042969
0 0.23242200000000002 0.347656 0.066406 0.070312
0 0.15429700000000002 0.365234 0.097656 0.089844
0 0.11718799999999996 0.437500 0.046875 0.093750
0 0.08789100000000005 0.130859 0.035156 0.042969
0 0.576172 0.910156 0.035156 0.023438
0 0.48046900000000003 0.927734 0.054688 0.042969
0 0.392578 0.910156 0.058594 0.062500
0 0.38085899999999995 0.126953 0.042969 0.035156
0 0.28125 0.115234 0.031250 0.042969
0 0.49414100000000005 0.044922 0.050781 0.058594
0 0.013672000000000017 0.386719 0.027344 0.070312
0 0.013672000000000017 0.285156 0.027344 0.039062
0 0.757812 0.568359 0.023438 0.027344
0 0.6503909999999999 0.861328 0.019531 0.019531
0 0.025391000000000052 0.880859 0.027344 0.027344
0 0.25 0.228516 0.023438 0.027344
