0 0.12304700000000002 0.154297 0.214844 0.128906
0 0.36328099999999997 0.945312 0.109375 0.093750
0 0.007812000000000041 0.753906 0.015625 0.023438
0 0.789062 0.839844 0.062500 0.085938
0 0.908203 0.945312 0.035156 0.039062
0 0.263672 0.515625 0.027344 0.039062
0 0.529297 0.593750 0.035156 0.046875
0 0.607422 0.314453 0.097656 0.074219
0 0.988281 0.279297 0.015625 0.042969
0 0.8652340000000001 0.427734 0.019531 0.035156
0 0.5722659999999999 0.443359 0.074219 0.066406
0 0.519531 0.400391 0.062500 0.050781
0 0.8847659999999999 0.011719 0.019531 0.015625
0 0.923828 0.701172 0.027344 0.019531
0 0.14257799999999998 0.580078 0.027344 0.035156
0 0.7441409999999999 0.322266 0.019531 0.019531
0 0.419922 0.507812 0.027344 0.054688
0 0.24023399999999995 0.667969 0.027344 0.031250
