0 0.271484 0.031250 0.324219 0.054688
0 0.687500 0.054688 0.085938 0.101562
0 0.544922 0.025391 0.074219 0.042969
0 0.046875 0.316406 0.085938 0.070312
0 0.380859 0.531250 0.058594 0.054688
0 0.384766 0.667969 0.042969 0.039062
0 0.648438 0.832031 0.039062 0.039062
0 0.041016 0.710938 0.042969 0.031250
0 0.103516 0.720703 0.050781 0.050781
0 0.154297 0.833984 0.050781 0.050781
0 0.882812 0.277344 0.226562 0.109375
0 0.960938 0.251953 0.078125 0.097656
0 0.925781 0.173828 0.093750 0.097656
0 0.789062 0.187500 0.039062 0.039062
0 0.843750 0.921875 0.054688 0.054688
