0 0.814453 0.097656 0.152344 0.179688
0 0.890625 0.087891 0.046875 0.042969
0 0.972656 0.105469 0.039062 0.046875
0 0.529297 0.146484 0.050781 0.082031
0 0.609375 0.271484 0.140625 0.089844
0 0.6933590000000001 0.347656 0.082031 0.070312
0 0.3125 0.279297 0.039062 0.035156
0 0.13867200000000002 0.390625 0.042969 0.046875
0 0.707031 0.517578 0.171875 0.074219
0 0.642578 0.558594 0.050781 0.054688
0 0.613281 0.603516 0.062500 0.066406
0 0.5683590000000001 0.632812 0.058594 0.054688
0 0.49414100000000005 0.660156 0.042969 0.046875
0 0.7871090000000001 0.832031 0.082031 0.070312
0 0.40625 0.734375 0.070312 0.062500
0 0.279297 0.816406 0.152344 0.125000
0 0.18164100000000005 0.859375 0.066406 0.046875
0 0.16015599999999997 0.921875 0.046875 0.046875
0 0.03710899999999995 0.718750 0.066406 0.085938
0 0.013672000000000017 0.964844 0.027344 0.054688
0 0.1875 0.646484 0.195312 0.246094
0 0.35546900000000003 0.669922 0.148438 0.105469
0 0.32421900000000003 0.587891 0.125000 0.105469
0 0.453125 0.187500 0.070312 0.085938
0 0.455078 0.029297 0.058594 0.050781
0 0.597656 0.917969 0.062500 0.062500
0 0.48046900000000003 0.380859 0.062500 0.058594
0 0.21289100000000005 0.117188 0.042969 0.031250
0 0.9316409999999999 0.248047 0.050781 0.050781
0 0.33203099999999997 0.445312 0.039062 0.031250
