0 0.265625 0.191406 0.054688 0.070312
0 0.21093799999999996 0.142578 0.070312 0.066406
0 0.5234380000000001 0.115234 0.054688 0.042969
0 0.49218799999999996 0.039062 0.054688 0.054688
0 0.40234400000000003 0.564453 0.132812 0.113281
0 0.44531200000000004 0.347656 0.039062 0.046875
0 0.44335899999999995 0.283203 0.050781 0.058594
0 0.07031200000000004 0.943359 0.054688 0.066406
0 0.25390599999999997 0.919922 0.085938 0.082031
0 0.33789100000000005 0.841797 0.042969 0.082031
0 0.38085899999999995 0.791016 0.058594 0.074219
0 0.46484400000000003 0.841797 0.078125 0.113281
0 0.546875 0.871094 0.125000 0.148438
0 0.390625 0.855469 0.039062 0.046875
0 0.734375 0.802734 0.140625 0.144531
0 0.6503909999999999 0.886719 0.074219 0.085938
0 0.917969 0.728516 0.062500 0.074219
0 0.980469 0.681641 0.031250 0.175781
0 0.820312 0.968750 0.046875 0.054688
0 0.984375 0.964844 0.023438 0.046875
0 0.47656200000000004 0.972656 0.125000 0.054688
0 0.810547 0.560547 0.035156 0.042969
0 0.8496090000000001 0.707031 0.042969 0.046875
0 0.982422 0.419922 0.027344 0.035156
0 0.21289100000000005 0.642578 0.019531 0.019531
0 0.03320299999999998 0.312500 0.027344 0.031250
0 0.736328 0.964844 0.027344 0.039062
