0 0.951172 0.958984 0.058594 0.066406
0 0.708984 0.029297 0.042969 0.042969
0 0.787109 0.035156 0.050781 0.046875
0 0.843750 0.031250 0.031250 0.039062
0 0.445312 0.027344 0.078125 0.046875
0 0.310547 0.228516 0.035156 0.058594
0 0.087891 0.392578 0.042969 0.042969
0 0.394531 0.572266 0.054688 0.035156
0 0.408203 0.435547 0.035156 0.042969
0 0.808594 0.796875 0.031250 0.046875
0 0.843750 0.644531 0.062500 0.062500
0 0.925781 0.810547 0.039062 0.050781
0 0.283203 0.935547 0.472656 0.128906
0 0.759766 0.742188 0.027344 0.046875
0 0.783203 0.947266 0.035156 0.050781
0 0.580078 0.406250 0.042969 0.039062
0 0.527344 0.431641 0.039062 0.050781
0 0.531250 0.181641 0.023438 0.019531
0 0.265625 0.667969 0.054688 0.046875
0 0.726562 0.634766 0.039062 0.042969
0 0.677734 0.101562 0.027344 0.046875
0 0.533203 0.496094 0.058594 0.046875
0 0.849609 0.150391 0.042969 0.035156
0 0.484375 0.720703 0.023438 0.027344
0 0.980469 0.115234 0.023438 0.027344
0 0.992188 0.691406 0.015625 0.031250
0 0.203125 0.462891 0.023438 0.027344
