0 0.04882799999999998 0.958984 0.058594 0.066406
0 0.29101600000000005 0.029297 0.042969 0.042969
0 0.21289100000000005 0.035156 0.050781 0.046875
0 0.15625 0.031250 0.031250 0.039062
0 0.5546880000000001 0.027344 0.078125 0.046875
0 0.689453 0.228516 0.035156 0.058594
0 0.9121090000000001 0.392578 0.042969 0.042969
0 0.605469 0.572266 0.054688 0.035156
0 0.591797 0.435547 0.035156 0.042969
0 0.19140599999999997 0.796875 0.031250 0.046875
0 0.15625 0.644531 0.062500 0.062500
0 0.07421900000000003 0.810547 0.039062 0.050781
0 0.716797 0.935547 0.472656 0.128906
0 0.24023399999999995 0.742188 0.027344 0.046875
0 0.21679700000000002 0.947266 0.035156 0.050781
0 0.419922 0.406250 0.042969 0.039062
0 0.47265599999999997 0.431641 0.039062 0.050781
0 0.46875 0.181641 0.023438 0.019531
0 0.734375 0.667969 0.054688 0.046875
0 0.27343799999999996 0.634766 0.039062 0.042969
0 0.32226600000000005 0.101562 0.027344 0.046875
0 0.466797 0.496094 0.058594 0.046875
0 0.15039100000000005 0.150391 0.042969 0.035156
0 0.515625 0.720703 0.023438 0.027344
0 0.019530999999999965 0.115234 0.023438 0.027344
0 0.007812000000000041 0.691406 0.015625 0.031250
0 0.796875 0.462891 0.023438 0.027344
