0 0.544922 0.072266 0.066406 0.074219
0 0.185547 0.457031 0.074219 0.054688
0 0.804688 0.390625 0.039062 0.046875
0 0.716797 0.402344 0.042969 0.062500
0 0.843750 0.572266 0.101562 0.089844
0 0.958984 0.546875 0.074219 0.078125
0 0.925781 0.730469 0.046875 0.046875
0 0.865234 0.738281 0.050781 0.062500
0 0.570312 0.677734 0.031250 0.035156
0 0.335938 0.845703 0.046875 0.035156
0 0.349609 0.888672 0.042969 0.042969
0 0.160156 0.921875 0.046875 0.054688
0 0.125000 0.935547 0.046875 0.050781
0 0.052734 0.142578 0.042969 0.035156
0 0.189453 0.140625 0.042969 0.046875
0 0.345703 0.080078 0.035156 0.050781
0 0.251953 0.056641 0.050781 0.042969
0 0.193359 0.228516 0.042969 0.074219
0 0.625000 0.208984 0.046875 0.042969
0 0.664062 0.224609 0.039062 0.042969
0 0.677734 0.289062 0.042969 0.039062
0 0.521484 0.294922 0.042969 0.027344
0 0.570312 0.259766 0.023438 0.027344
0 0.093750 0.392578 0.046875 0.042969
0 0.017578 0.685547 0.027344 0.058594
0 0.320312 0.734375 0.031250 0.039062
0 0.746094 0.982422 0.093750 0.035156
0 0.250000 0.984375 0.046875 0.031250
0 0.740234 0.740234 0.058594 0.050781
0 0.818359 0.482422 0.019531 0.019531
0 0.796875 0.181641 0.023438 0.019531
0 0.419922 0.416016 0.019531 0.019531
0 0.976562 0.042969 0.015625 0.023438
0 0.740234 0.144531 0.019531 0.023438
0 0.443359 0.011719 0.027344 0.015625
0 0.263672 0.779297 0.027344 0.019531
0 0.814453 0.917969 0.027344 0.023438
