0 0.455078 0.072266 0.066406 0.074219
0 0.814453 0.457031 0.074219 0.054688
0 0.19531200000000004 0.390625 0.039062 0.046875
0 0.283203 0.402344 0.042969 0.062500
0 0.15625 0.572266 0.101562 0.089844
0 0.04101600000000005 0.546875 0.074219 0.078125
0 0.07421900000000003 0.730469 0.046875 0.046875
0 0.13476600000000005 0.738281 0.050781 0.062500
0 0.42968799999999996 0.677734 0.031250 0.035156
0 0.6640619999999999 0.845703 0.046875 0.035156
0 0.6503909999999999 0.888672 0.042969 0.042969
0 0.839844 0.921875 0.046875 0.054688
0 0.875 0.935547 0.046875 0.050781
0 0.9472659999999999 0.142578 0.042969 0.035156
0 0.810547 0.140625 0.042969 0.046875
0 0.654297 0.080078 0.035156 0.050781
0 0.748047 0.056641 0.050781 0.042969
0 0.8066409999999999 0.228516 0.042969 0.074219
0 0.375 0.208984 0.046875 0.042969
0 0.33593799999999996 0.224609 0.039062 0.042969
0 0.32226600000000005 0.289062 0.042969 0.039062
0 0.47851600000000005 0.294922 0.042969 0.027344
0 0.42968799999999996 0.259766 0.023438 0.027344
0 0.90625 0.392578 0.046875 0.042969
0 0.982422 0.685547 0.027344 0.058594
0 0.6796880000000001 0.734375 0.031250 0.039062
0 0.25390599999999997 0.982422 0.093750 0.035156
0 0.75 0.984375 0.046875 0.031250
0 0.25976600000000005 0.740234 0.058594 0.050781
0 0.18164100000000005 0.482422 0.019531 0.019531
0 0.203125 0.181641 0.023438 0.019531
0 0.580078 0.416016 0.019531 0.019531
0 0.02343799999999996 0.042969 0.015625 0.023438
0 0.25976600000000005 0.144531 0.019531 0.023438
0 0.5566409999999999 0.011719 0.027344 0.015625
0 0.736328 0.779297 0.027344 0.019531
0 0.18554700000000002 0.917969 0.027344 0.023438
