0 0.804688 0.068359 0.054688 0.050781
0 0.876953 0.089844 0.066406 0.039062
0 0.888672 0.060547 0.035156 0.042969
0 0.949219 0.087891 0.054688 0.066406
0 0.648438 0.037109 0.117188 0.066406
0 0.476562 0.072266 0.046875 0.050781
0 0.457031 0.394531 0.046875 0.054688
0 0.322266 0.349609 0.042969 0.050781
0 0.210938 0.365234 0.039062 0.050781
0 0.494141 0.921875 0.152344 0.156250
0 0.275391 0.650391 0.027344 0.066406
0 0.531250 0.451172 0.031250 0.042969
0 0.523438 0.580078 0.046875 0.042969
0 0.769531 0.527344 0.031250 0.039062
0 0.800781 0.757812 0.039062 0.054688
0 0.693359 0.937500 0.050781 0.039062
0 0.875000 0.798828 0.039062 0.050781
0 0.105469 0.191406 0.023438 0.031250
0 0.177734 0.107422 0.035156 0.042969
0 0.283203 0.980469 0.042969 0.039062
0 0.126953 0.287109 0.050781 0.035156
0 0.724609 0.324219 0.058594 0.039062
0 0.390625 0.523438 0.031250 0.039062
0 0.115234 0.421875 0.035156 0.023438
0 0.478516 0.599609 0.027344 0.027344
0 0.156250 0.220703 0.046875 0.042969
0 0.109375 0.347656 0.031250 0.039062
0 0.912109 0.878906 0.019531 0.023438
0 0.187500 0.777344 0.023438 0.031250
