0 0.19531200000000004 0.068359 0.054688 0.050781
0 0.12304700000000002 0.089844 0.066406 0.039062
0 0.11132799999999998 0.060547 0.035156 0.042969
0 0.050780999999999965 0.087891 0.054688 0.066406
0 0.35156200000000004 0.037109 0.117188 0.066406
0 0.5234380000000001 0.072266 0.046875 0.050781
0 0.542969 0.394531 0.046875 0.054688
0 0.6777340000000001 0.349609 0.042969 0.050781
0 0.789062 0.365234 0.039062 0.050781
0 0.5058590000000001 0.921875 0.152344 0.156250
0 0.7246090000000001 0.650391 0.027344 0.066406
0 0.46875 0.451172 0.031250 0.042969
0 0.47656200000000004 0.580078 0.046875 0.042969
0 0.23046900000000003 0.527344 0.031250 0.039062
0 0.19921900000000003 0.757812 0.039062 0.054688
0 0.30664100000000005 0.937500 0.050781 0.039062
0 0.125 0.798828 0.039062 0.050781
0 0.894531 0.191406 0.023438 0.031250
0 0.8222659999999999 0.107422 0.035156 0.042969
0 0.716797 0.980469 0.042969 0.039062
0 0.873047 0.287109 0.050781 0.035156
0 0.27539100000000005 0.324219 0.058594 0.039062
0 0.609375 0.523438 0.031250 0.039062
0 0.8847659999999999 0.421875 0.035156 0.023438
0 0.5214840000000001 0.599609 0.027344 0.027344
0 0.84375 0.220703 0.046875 0.042969
0 0.890625 0.347656 0.031250 0.039062
0 0.08789100000000005 0.878906 0.019531 0.023438
0 0.8125 0.777344 0.023438 0.031250
