0 0.5 0.103516 0.398438 0.199219
0 0.29101600000000005 0.177734 0.035156 0.050781
0 0.779297 0.082031 0.066406 0.046875
0 0.7558590000000001 0.142578 0.089844 0.074219
0 0.941406 0.208984 0.062500 0.066406
0 0.566406 0.585938 0.062500 0.062500
0 0.5859380000000001 0.441406 0.039062 0.039062
0 0.40039100000000005 0.246094 0.050781 0.046875
0 0.38476600000000005 0.310547 0.066406 0.050781
0 0.298828 0.435547 0.050781 0.050781
0 0.08789100000000005 0.041016 0.050781 0.058594
0 0.013672000000000017 0.132812 0.027344 0.046875
0 0.13671900000000003 0.208984 0.140625 0.128906
0 0.13867200000000002 0.298828 0.160156 0.128906
0 0.05273399999999995 0.431641 0.058594 0.042969
0 0.33398399999999995 0.554688 0.058594 0.078125
0 0.40039100000000005 0.582031 0.042969 0.039062
0 0.34765599999999997 0.769531 0.085938 0.070312
0 0.36523399999999995 0.701172 0.066406 0.066406
0 0.5410159999999999 0.339844 0.105469 0.054688
0 0.40234400000000003 0.423828 0.046875 0.035156
0 0.7109380000000001 0.273438 0.164062 0.140625
0 0.04882799999999998 0.802734 0.050781 0.074219
0 0.892578 0.785156 0.058594 0.039062
0 0.578125 0.822266 0.054688 0.042969
0 0.640625 0.863281 0.039062 0.039062
0 0.945312 0.892578 0.062500 0.050781
0 0.886719 0.570312 0.046875 0.046875
0 0.283203 0.414062 0.128906 0.109375
0 0.482422 0.281250 0.238281 0.125000
0 0.17578099999999997 0.976562 0.031250 0.023438
0 0.09179700000000002 0.898438 0.027344 0.023438
0 0.5058590000000001 0.976562 0.019531 0.023438
0 0.423828 0.863281 0.035156 0.031250
0 0.42968799999999996 0.945312 0.023438 0.023438
0 0.714844 0.810547 0.023438 0.027344
