0 0.109375 0.083984 0.062500 0.035156
0 0.033203 0.130859 0.058594 0.066406
0 0.099609 0.453125 0.113281 0.070312
0 0.593750 0.595703 0.054688 0.097656
0 0.480469 0.519531 0.046875 0.039062
0 0.542969 0.609375 0.023438 0.046875
0 0.671875 0.613281 0.031250 0.046875
0 0.509766 0.423828 0.238281 0.160156
0 0.341797 0.419922 0.019531 0.019531
0 0.326172 0.671875 0.066406 0.062500
0 0.373047 0.716797 0.058594 0.058594
0 0.105469 0.632812 0.039062 0.039062
0 0.130859 0.812500 0.050781 0.070312
0 0.080078 0.855469 0.050781 0.054688
0 0.197266 0.861328 0.128906 0.121094
0 0.392578 0.013672 0.035156 0.019531
0 0.904297 0.042969 0.050781 0.046875
0 0.980469 0.029297 0.039062 0.050781
0 0.853516 0.140625 0.050781 0.078125
0 0.679688 0.271484 0.078125 0.058594
0 0.939453 0.740234 0.058594 0.066406
0 0.980469 0.757812 0.039062 0.093750
0 0.945312 0.824219 0.046875 0.054688
0 0.697266 0.943359 0.066406 0.042969
0 0.869141 0.945312 0.261719 0.109375
