0 0.025391 0.798828 0.042969 0.058594
0 0.134766 0.685547 0.097656 0.058594
0 0.199219 0.460938 0.039062 0.046875
0 0.337891 0.312500 0.035156 0.062500
0 0.515625 0.373047 0.062500 0.074219
0 0.583984 0.400391 0.050781 0.042969
0 0.550781 0.496094 0.062500 0.078125
0 0.607422 0.492188 0.027344 0.039062
0 0.580078 0.611328 0.042969 0.058594
0 0.617188 0.687500 0.054688 0.078125
0 0.750000 0.691406 0.062500 0.062500
0 0.726562 0.748047 0.046875 0.042969
0 0.925781 0.765625 0.039062 0.078125
0 0.375000 0.093750 0.039062 0.031250
0 0.134766 0.015625 0.074219 0.023438
0 0.054688 0.011719 0.023438 0.015625
0 0.990234 0.878906 0.019531 0.054688
0 0.541016 0.015625 0.027344 0.023438
0 0.667969 0.966797 0.203125 0.066406
0 0.806641 0.978516 0.066406 0.042969
0 0.839844 0.912109 0.039062 0.035156
0 0.099609 0.097656 0.027344 0.031250
0 0.572266 0.210938 0.035156 0.039062
0 0.822266 0.037109 0.035156 0.035156
0 0.880859 0.244141 0.027344 0.035156
0 0.619141 0.115234 0.019531 0.027344
0 0.466797 0.042969 0.019531 0.023438
