0 0.974609 0.798828 0.042969 0.058594
0 0.8652340000000001 0.685547 0.097656 0.058594
0 0.800781 0.460938 0.039062 0.046875
0 0.6621090000000001 0.312500 0.035156 0.062500
0 0.484375 0.373047 0.062500 0.074219
0 0.41601600000000005 0.400391 0.050781 0.042969
0 0.44921900000000003 0.496094 0.062500 0.078125
0 0.392578 0.492188 0.027344 0.039062
0 0.419922 0.611328 0.042969 0.058594
0 0.38281200000000004 0.687500 0.054688 0.078125
0 0.25 0.691406 0.062500 0.062500
0 0.27343799999999996 0.748047 0.046875 0.042969
0 0.07421900000000003 0.765625 0.039062 0.078125
0 0.625 0.093750 0.039062 0.031250
0 0.8652340000000001 0.015625 0.074219 0.023438
0 0.945312 0.011719 0.023438 0.015625
0 0.009766000000000052 0.878906 0.019531 0.054688
0 0.45898399999999995 0.015625 0.027344 0.023438
0 0.33203099999999997 0.966797 0.203125 0.066406
0 0.19335899999999995 0.978516 0.066406 0.042969
0 0.16015599999999997 0.912109 0.039062 0.035156
0 0.9003909999999999 0.097656 0.027344 0.031250
0 0.42773399999999995 0.210938 0.035156 0.039062
0 0.17773399999999995 0.037109 0.035156 0.035156
0 0.11914100000000005 0.244141 0.027344 0.035156
0 0.38085899999999995 0.115234 0.019531 0.027344
0 0.533203 0.042969 0.019531 0.023438
