0 0.857422 0.080078 0.035156 0.035156
0 0.935547 0.138672 0.058594 0.074219
0 0.6816409999999999 0.291016 0.113281 0.121094
0 0.296875 0.447266 0.062500 0.074219
0 0.14648399999999995 0.429688 0.066406 0.093750
0 0.06054700000000002 0.367188 0.121094 0.062500
0 0.07421900000000003 0.425781 0.062500 0.070312
0 0.929688 0.634766 0.031250 0.019531
0 0.90625 0.716797 0.031250 0.042969
0 0.966797 0.771484 0.042969 0.058594
0 0.7714840000000001 0.765625 0.074219 0.062500
0 0.640625 0.800781 0.070312 0.085938
0 0.917969 0.824219 0.062500 0.070312
0 0.832031 0.787109 0.054688 0.058594
0 0.888672 0.888672 0.214844 0.074219
0 0.7421880000000001 0.896484 0.203125 0.207031
0 0.515625 0.769531 0.023438 0.039062
0 0.644531 0.728516 0.085938 0.042969
0 0.5 0.828125 0.039062 0.023438
0 0.498047 0.890625 0.027344 0.023438
0 0.5 0.990234 0.031250 0.019531
0 0.720703 0.646484 0.027344 0.027344
0 0.33984400000000003 0.820312 0.023438 0.023438
