0 0.544922 0.351562 0.058594 0.046875
0 0.41210899999999995 0.099609 0.042969 0.042969
0 0.47656200000000004 0.091797 0.031250 0.042969
0 0.47460899999999995 0.234375 0.050781 0.062500
0 0.375 0.169922 0.085938 0.089844
0 0.685547 0.488281 0.089844 0.093750
0 0.7265619999999999 0.753906 0.039062 0.070312
0 0.605469 0.689453 0.078125 0.050781
0 0.11914100000000005 0.539062 0.050781 0.046875
0 0.125 0.492188 0.054688 0.054688
0 0.07226600000000005 0.359375 0.058594 0.054688
0 0.125 0.955078 0.054688 0.050781
0 0.14257799999999998 0.011719 0.058594 0.015625
0 0.951172 0.099609 0.035156 0.027344
0 0.835938 0.730469 0.031250 0.023438
0 0.75 0.859375 0.023438 0.031250
0 0.871094 0.322266 0.023438 0.027344
0 0.9589840000000001 0.189453 0.019531 0.035156
0 0.11914100000000005 0.683594 0.027344 0.031250
