0 0.291016 0.228516 0.042969 0.042969
0 0.066406 0.335938 0.046875 0.039062
0 0.039062 0.541016 0.039062 0.027344
0 0.363281 0.523438 0.101562 0.078125
0 0.296875 0.597656 0.054688 0.054688
0 0.607422 0.439453 0.136719 0.121094
0 0.710938 0.462891 0.023438 0.042969
0 0.878906 0.574219 0.039062 0.039062
0 0.910156 0.697266 0.054688 0.050781
0 0.833984 0.808594 0.082031 0.062500
0 0.931641 0.230469 0.105469 0.046875
0 0.386719 0.392578 0.039062 0.035156
0 0.445312 0.277344 0.046875 0.039062
0 0.269531 0.691406 0.054688 0.054688
0 0.345703 0.666016 0.066406 0.042969
0 0.902344 0.019531 0.078125 0.031250
0 0.531250 0.013672 0.023438 0.019531
0 0.255859 0.203125 0.058594 0.046875
0 0.287109 0.029297 0.035156 0.035156
0 0.152344 0.085938 0.023438 0.031250
0 0.470703 0.187500 0.027344 0.031250
0 0.646484 0.011719 0.019531 0.015625
0 0.503906 0.089844 0.023438 0.023438
0 0.693359 0.271484 0.019531 0.027344
0 0.455078 0.806641 0.019531 0.027344
0 0.064453 0.654297 0.019531 0.027344
0 0.189453 0.867188 0.019531 0.023438
0 0.863281 0.521484 0.023438 0.019531
