0 0.7089840000000001 0.228516 0.042969 0.042969
0 0.933594 0.335938 0.046875 0.039062
0 0.960938 0.541016 0.039062 0.027344
0 0.636719 0.523438 0.101562 0.078125
0 0.703125 0.597656 0.054688 0.054688
0 0.392578 0.439453 0.136719 0.121094
0 0.28906200000000004 0.462891 0.023438 0.042969
0 0.12109400000000003 0.574219 0.039062 0.039062
0 0.08984400000000003 0.697266 0.054688 0.050781
0 0.16601600000000005 0.808594 0.082031 0.062500
0 0.06835899999999995 0.230469 0.105469 0.046875
0 0.613281 0.392578 0.039062 0.035156
0 0.5546880000000001 0.277344 0.046875 0.039062
0 0.730469 0.691406 0.054688 0.054688
0 0.654297 0.666016 0.066406 0.042969
0 0.09765599999999997 0.019531 0.078125 0.031250
0 0.46875 0.013672 0.023438 0.019531
0 0.7441409999999999 0.203125 0.058594 0.046875
0 0.7128909999999999 0.029297 0.035156 0.035156
0 0.847656 0.085938 0.023438 0.031250
0 0.529297 0.187500 0.027344 0.031250
0 0.35351600000000005 0.011719 0.019531 0.015625
0 0.49609400000000003 0.089844 0.023438 0.023438
0 0.30664100000000005 0.271484 0.019531 0.027344
0 0.544922 0.806641 0.019531 0.027344
0 0.935547 0.654297 0.019531 0.027344
0 0.810547 0.867188 0.019531 0.023438
0 0.13671900000000003 0.521484 0.023438 0.019531
