0 0.5566409999999999 0.048828 0.058594 0.042969
0 0.32421900000000003 0.300781 0.109375 0.132812
0 0.25781200000000004 0.222656 0.039062 0.054688
0 0.234375 0.304688 0.023438 0.046875
0 0.009766000000000052 0.281250 0.019531 0.078125
0 0.017577999999999983 0.521484 0.035156 0.058594
0 0.38476600000000005 0.421875 0.097656 0.109375
0 0.41796900000000003 0.771484 0.101562 0.113281
0 0.27539100000000005 0.816406 0.058594 0.054688
0 0.580078 0.878906 0.105469 0.101562
0 0.03710899999999995 0.937500 0.050781 0.054688
0 0.12695299999999998 0.685547 0.050781 0.058594
0 0.20898399999999995 0.982422 0.066406 0.035156
0 0.03906200000000004 0.988281 0.078125 0.023438
0 0.8535159999999999 0.728516 0.050781 0.035156
0 0.828125 0.773438 0.039062 0.046875
0 0.7871090000000001 0.353516 0.035156 0.042969
0 0.683594 0.353516 0.046875 0.042969
0 0.882812 0.376953 0.046875 0.042969
0 0.941406 0.310547 0.039062 0.050781
0 0.8496090000000001 0.646484 0.050781 0.035156
0 0.8535159999999999 0.531250 0.042969 0.046875
0 0.984375 0.203125 0.023438 0.039062
0 0.9316409999999999 0.373047 0.035156 0.050781
0 0.14843799999999996 0.343750 0.046875 0.046875
0 0.882812 0.611328 0.039062 0.027344
0 0.90625 0.685547 0.039062 0.042969
0 0.05468799999999996 0.562500 0.023438 0.039062
0 0.7246090000000001 0.414062 0.027344 0.023438
0 0.9589840000000001 0.185547 0.019531 0.019531
0 0.263672 0.558594 0.027344 0.023438
0 0.955078 0.642578 0.019531 0.019531
0 0.716797 0.853516 0.035156 0.035156
0 0.720703 0.796875 0.027344 0.031250
0 0.857422 0.871094 0.027344 0.023438
0 0.20117200000000002 0.703125 0.019531 0.031250
0 0.8691409999999999 0.097656 0.035156 0.023438
0 0.732422 0.599609 0.019531 0.035156
0 0.9589840000000001 0.683594 0.019531 0.023438
0 0.566406 0.615234 0.023438 0.027344
0 0.314453 0.541016 0.019531 0.019531
