0 0.443359 0.048828 0.058594 0.042969
0 0.675781 0.300781 0.109375 0.132812
0 0.742188 0.222656 0.039062 0.054688
0 0.765625 0.304688 0.023438 0.046875
0 0.990234 0.281250 0.019531 0.078125
0 0.982422 0.521484 0.035156 0.058594
0 0.615234 0.421875 0.097656 0.109375
0 0.582031 0.771484 0.101562 0.113281
0 0.724609 0.816406 0.058594 0.054688
0 0.419922 0.878906 0.105469 0.101562
0 0.962891 0.937500 0.050781 0.054688
0 0.873047 0.685547 0.050781 0.058594
0 0.791016 0.982422 0.066406 0.035156
0 0.960938 0.988281 0.078125 0.023438
0 0.146484 0.728516 0.050781 0.035156
0 0.171875 0.773438 0.039062 0.046875
0 0.212891 0.353516 0.035156 0.042969
0 0.316406 0.353516 0.046875 0.042969
0 0.117188 0.376953 0.046875 0.042969
0 0.058594 0.310547 0.039062 0.050781
0 0.150391 0.646484 0.050781 0.035156
0 0.146484 0.531250 0.042969 0.046875
0 0.015625 0.203125 0.023438 0.039062
0 0.068359 0.373047 0.035156 0.050781
0 0.851562 0.343750 0.046875 0.046875
0 0.117188 0.611328 0.039062 0.027344
0 0.093750 0.685547 0.039062 0.042969
0 0.945312 0.562500 0.023438 0.039062
0 0.275391 0.414062 0.027344 0.023438
0 0.041016 0.185547 0.019531 0.019531
0 0.736328 0.558594 0.027344 0.023438
0 0.044922 0.642578 0.019531 0.019531
0 0.283203 0.853516 0.035156 0.035156
0 0.279297 0.796875 0.027344 0.031250
0 0.142578 0.871094 0.027344 0.023438
0 0.798828 0.703125 0.019531 0.031250
0 0.130859 0.097656 0.035156 0.023438
0 0.267578 0.599609 0.019531 0.035156
0 0.041016 0.683594 0.019531 0.023438
0 0.433594 0.615234 0.023438 0.027344
0 0.685547 0.541016 0.019531 0.019531
