0 0.179688 0.025391 0.125000 0.042969
0 0.390625 0.042969 0.078125 0.062500
0 0.316406 0.150391 0.078125 0.082031
0 0.240234 0.064453 0.050781 0.050781
0 0.871094 0.064453 0.070312 0.066406
0 0.894531 0.095703 0.054688 0.074219
0 0.755859 0.103516 0.050781 0.050781
0 0.687500 0.117188 0.039062 0.031250
0 0.910156 0.169922 0.062500 0.050781
0 0.941406 0.248047 0.039062 0.050781
0 0.783203 0.250000 0.074219 0.093750
0 0.705078 0.257812 0.050781 0.062500
0 0.599609 0.320312 0.175781 0.195312
0 0.035156 0.962891 0.031250 0.035156
0 0.984375 0.271484 0.031250 0.089844
