0 0.960938 0.103516 0.070312 0.128906
0 0.703125 0.248047 0.039062 0.050781
0 0.736328 0.275391 0.050781 0.042969
0 0.75 0.322266 0.054688 0.050781
0 0.84375 0.302734 0.085938 0.058594
0 0.925781 0.357422 0.078125 0.058594
0 0.830078 0.382812 0.066406 0.046875
0 0.804688 0.437500 0.062500 0.054688
0 0.767578 0.478516 0.050781 0.074219
0 0.7128909999999999 0.509766 0.058594 0.058594
0 0.625 0.535156 0.046875 0.039062
0 0.5214840000000001 0.505859 0.042969 0.058594
0 0.39453099999999997 0.441406 0.093750 0.078125
0 0.44726600000000005 0.210938 0.066406 0.046875
0 0.5097659999999999 0.388672 0.050781 0.074219
0 0.48828099999999997 0.449219 0.054688 0.046875
0 0.839844 0.580078 0.085938 0.066406
0 0.765625 0.677734 0.125000 0.113281
0 0.773438 0.779297 0.070312 0.058594
0 0.7402340000000001 0.832031 0.050781 0.039062
0 0.46093799999999996 0.781250 0.062500 0.046875
0 0.566406 0.847656 0.093750 0.070312
0 0.6015619999999999 0.951172 0.132812 0.089844
0 0.45898399999999995 0.951172 0.074219 0.066406
0 0.49609400000000003 0.884766 0.046875 0.050781
0 0.44140599999999997 0.886719 0.046875 0.039062
0 0.419922 0.921875 0.042969 0.078125
0 0.310547 0.955078 0.144531 0.089844
0 0.078125 0.597656 0.039062 0.054688
0 0.011719000000000035 0.884766 0.023438 0.082031
0 0.07226600000000005 0.972656 0.089844 0.054688
0 0.607422 0.613281 0.082031 0.085938
0 0.71875 0.886719 0.031250 0.031250
