0 0.039062 0.103516 0.070312 0.128906
0 0.296875 0.248047 0.039062 0.050781
0 0.263672 0.275391 0.050781 0.042969
0 0.250000 0.322266 0.054688 0.050781
0 0.156250 0.302734 0.085938 0.058594
0 0.074219 0.357422 0.078125 0.058594
0 0.169922 0.382812 0.066406 0.046875
0 0.195312 0.437500 0.062500 0.054688
0 0.232422 0.478516 0.050781 0.074219
0 0.287109 0.509766 0.058594 0.058594
0 0.375000 0.535156 0.046875 0.039062
0 0.478516 0.505859 0.042969 0.058594
0 0.605469 0.441406 0.093750 0.078125
0 0.552734 0.210938 0.066406 0.046875
0 0.490234 0.388672 0.050781 0.074219
0 0.511719 0.449219 0.054688 0.046875
0 0.160156 0.580078 0.085938 0.066406
0 0.234375 0.677734 0.125000 0.113281
0 0.226562 0.779297 0.070312 0.058594
0 0.259766 0.832031 0.050781 0.039062
0 0.539062 0.781250 0.062500 0.046875
0 0.433594 0.847656 0.093750 0.070312
0 0.398438 0.951172 0.132812 0.089844
0 0.541016 0.951172 0.074219 0.066406
0 0.503906 0.884766 0.046875 0.050781
0 0.558594 0.886719 0.046875 0.039062
0 0.580078 0.921875 0.042969 0.078125
0 0.689453 0.955078 0.144531 0.089844
0 0.921875 0.597656 0.039062 0.054688
0 0.988281 0.884766 0.023438 0.082031
0 0.927734 0.972656 0.089844 0.054688
0 0.392578 0.613281 0.082031 0.085938
0 0.281250 0.886719 0.031250 0.031250
