0 0.609375 0.326172 0.164062 0.089844
0 0.24218799999999996 0.279297 0.031250 0.035156
0 0.140625 0.382812 0.070312 0.054688
0 0.12890599999999997 0.072266 0.046875 0.035156
0 0.28515599999999997 0.080078 0.062500 0.042969
0 0.43359400000000003 0.011719 0.031250 0.015625
0 0.41015599999999997 0.203125 0.031250 0.046875
0 0.4375 0.253906 0.023438 0.023438
0 0.359375 0.453125 0.023438 0.039062
0 0.03906200000000004 0.291016 0.046875 0.035156
0 0.658203 0.587891 0.113281 0.097656
0 0.5234380000000001 0.691406 0.046875 0.054688
0 0.976562 0.892578 0.039062 0.058594
0 0.75 0.732422 0.046875 0.042969
0 0.638672 0.853516 0.050781 0.050781
0 0.699219 0.826172 0.054688 0.050781
0 0.18554700000000002 0.460938 0.074219 0.093750
0 0.015625 0.644531 0.031250 0.046875
0 0.22460899999999995 0.164062 0.019531 0.023438
