0 0.921875 0.478516 0.140625 0.136719
0 0.566406 0.187500 0.039062 0.046875
0 0.730469 0.341797 0.085938 0.082031
0 0.8691409999999999 0.148438 0.035156 0.023438
0 0.828125 0.082031 0.062500 0.054688
0 0.5722659999999999 0.062500 0.089844 0.078125
0 0.48828099999999997 0.068359 0.046875 0.042969
0 0.5 0.154297 0.070312 0.058594
0 0.330078 0.126953 0.066406 0.058594
0 0.18359400000000003 0.142578 0.031250 0.035156
0 0.09375 0.150391 0.054688 0.042969
0 0.513672 0.542969 0.035156 0.039062
0 0.404297 0.562500 0.058594 0.046875
0 0.785156 0.494141 0.070312 0.058594
0 0.41015599999999997 0.712891 0.046875 0.050781
0 0.08789100000000005 0.699219 0.105469 0.085938
0 0.529297 0.734375 0.152344 0.085938
0 0.5253909999999999 0.792969 0.050781 0.039062
0 0.533203 0.849609 0.082031 0.058594
0 0.640625 0.892578 0.023438 0.027344
0 0.22070299999999998 0.902344 0.066406 0.101562
0 0.14648399999999995 0.949219 0.035156 0.023438
0 0.46875 0.933594 0.023438 0.031250
0 0.359375 0.958984 0.054688 0.066406
0 0.34960899999999995 0.679688 0.074219 0.101562
0 0.47851600000000005 0.603516 0.042969 0.066406
0 0.6660159999999999 0.451172 0.042969 0.050781
0 0.05273399999999995 0.480469 0.027344 0.023438
0 0.707031 0.410156 0.031250 0.023438
0 0.7265619999999999 0.546875 0.023438 0.023438
0 0.6953119999999999 0.580078 0.039062 0.019531
0 0.29101600000000005 0.470703 0.019531 0.035156
0 0.421875 0.818359 0.031250 0.035156
0 0.470703 0.847656 0.027344 0.039062
0 0.07421900000000003 0.812500 0.039062 0.054688
0 0.542969 0.367188 0.031250 0.031250
