0 0.19531200000000004 0.308594 0.046875 0.039062
0 0.16210899999999995 0.388672 0.050781 0.042969
0 0.11328099999999997 0.447266 0.062500 0.113281
0 0.03320299999999998 0.517578 0.066406 0.089844
0 0.03906200000000004 0.603516 0.078125 0.050781
0 0.203125 0.599609 0.054688 0.058594
0 0.27343799999999996 0.746094 0.031250 0.046875
0 0.6171880000000001 0.419922 0.039062 0.027344
0 0.6015619999999999 0.705078 0.070312 0.074219
0 0.5859380000000001 0.777344 0.070312 0.078125
0 0.5058590000000001 0.773438 0.066406 0.054688
0 0.41601600000000005 0.730469 0.074219 0.046875
0 0.5371090000000001 0.830078 0.050781 0.050781
0 0.46875 0.814453 0.078125 0.089844
0 0.6777340000000001 0.789062 0.050781 0.054688
0 0.8027340000000001 0.851562 0.035156 0.039062
0 0.908203 0.916016 0.035156 0.035156
0 0.660156 0.960938 0.046875 0.039062
0 0.23046900000000003 0.964844 0.046875 0.054688
0 0.12890599999999997 0.986328 0.046875 0.027344
0 0.44335899999999995 0.019531 0.042969 0.031250
0 0.08593799999999996 0.900391 0.046875 0.035156
0 0.988281 0.460938 0.015625 0.054688
0 0.990234 0.761719 0.011719 0.023438
0 0.5722659999999999 0.990234 0.050781 0.019531
0 0.44726600000000005 0.564453 0.019531 0.042969
0 0.435547 0.500000 0.019531 0.023438
