0 0.804688 0.308594 0.046875 0.039062
0 0.837891 0.388672 0.050781 0.042969
0 0.886719 0.447266 0.062500 0.113281
0 0.966797 0.517578 0.066406 0.089844
0 0.960938 0.603516 0.078125 0.050781
0 0.796875 0.599609 0.054688 0.058594
0 0.726562 0.746094 0.031250 0.046875
0 0.382812 0.419922 0.039062 0.027344
0 0.398438 0.705078 0.070312 0.074219
0 0.414062 0.777344 0.070312 0.078125
0 0.494141 0.773438 0.066406 0.054688
0 0.583984 0.730469 0.074219 0.046875
0 0.462891 0.830078 0.050781 0.050781
0 0.531250 0.814453 0.078125 0.089844
0 0.322266 0.789062 0.050781 0.054688
0 0.197266 0.851562 0.035156 0.039062
0 0.091797 0.916016 0.035156 0.035156
0 0.339844 0.960938 0.046875 0.039062
0 0.769531 0.964844 0.046875 0.054688
0 0.871094 0.986328 0.046875 0.027344
0 0.556641 0.019531 0.042969 0.031250
0 0.914062 0.900391 0.046875 0.035156
0 0.011719 0.460938 0.015625 0.054688
0 0.009766 0.761719 0.011719 0.023438
0 0.427734 0.990234 0.050781 0.019531
0 0.552734 0.564453 0.019531 0.042969
0 0.564453 0.500000 0.019531 0.023438
