0 0.353516 0.396484 0.058594 0.074219
0 0.906250 0.017578 0.132812 0.027344
0 0.841797 0.179688 0.027344 0.039062
0 0.841797 0.271484 0.035156 0.058594
0 0.693359 0.230469 0.160156 0.117188
0 0.246094 0.048828 0.046875 0.035156
0 0.330078 0.212891 0.035156 0.035156
0 0.433594 0.330078 0.062500 0.058594
0 0.181641 0.281250 0.058594 0.054688
0 0.121094 0.390625 0.039062 0.054688
0 0.027344 0.501953 0.046875 0.050781
0 0.068359 0.527344 0.042969 0.023438
0 0.068359 0.628906 0.128906 0.054688
0 0.123047 0.683594 0.042969 0.023438
0 0.171875 0.587891 0.062500 0.027344
0 0.517578 0.476562 0.097656 0.093750
0 0.375000 0.953125 0.031250 0.031250
0 0.871094 0.628906 0.039062 0.031250
0 0.923828 0.583984 0.035156 0.027344
0 0.232422 0.111328 0.035156 0.035156
0 0.976562 0.982422 0.031250 0.035156
0 0.269531 0.255859 0.031250 0.035156
0 0.808594 0.792969 0.023438 0.023438
