0 0.6464840000000001 0.396484 0.058594 0.074219
0 0.09375 0.017578 0.132812 0.027344
0 0.15820299999999998 0.179688 0.027344 0.039062
0 0.15820299999999998 0.271484 0.035156 0.058594
0 0.30664100000000005 0.230469 0.160156 0.117188
0 0.753906 0.048828 0.046875 0.035156
0 0.669922 0.212891 0.035156 0.035156
0 0.566406 0.330078 0.062500 0.058594
0 0.8183590000000001 0.281250 0.058594 0.054688
0 0.878906 0.390625 0.039062 0.054688
0 0.972656 0.501953 0.046875 0.050781
0 0.9316409999999999 0.527344 0.042969 0.023438
0 0.9316409999999999 0.628906 0.128906 0.054688
0 0.876953 0.683594 0.042969 0.023438
0 0.828125 0.587891 0.062500 0.027344
0 0.482422 0.476562 0.097656 0.093750
0 0.625 0.953125 0.031250 0.031250
0 0.12890599999999997 0.628906 0.039062 0.031250
0 0.07617200000000002 0.583984 0.035156 0.027344
0 0.767578 0.111328 0.035156 0.035156
0 0.02343799999999996 0.982422 0.031250 0.035156
0 0.730469 0.255859 0.031250 0.035156
0 0.19140599999999997 0.792969 0.023438 0.023438
