0 0.701172 0.099609 0.027344 0.027344
0 0.810547 0.357422 0.042969 0.042969
0 0.775391 0.625000 0.058594 0.070312
0 0.718750 0.695312 0.070312 0.046875
0 0.927734 0.878906 0.136719 0.117188
0 0.357422 0.515625 0.035156 0.031250
0 0.507812 0.226562 0.039062 0.046875
0 0.201172 0.392578 0.027344 0.035156
0 0.072266 0.845703 0.058594 0.035156
0 0.261719 0.869141 0.031250 0.035156
0 0.875000 0.613281 0.039062 0.031250
0 0.732422 0.843750 0.027344 0.031250
0 0.226562 0.427734 0.031250 0.027344
0 0.408203 0.468750 0.035156 0.031250
0 0.619141 0.468750 0.019531 0.023438
