0 0.298828 0.099609 0.027344 0.027344
0 0.18945299999999998 0.357422 0.042969 0.042969
0 0.22460899999999995 0.625000 0.058594 0.070312
0 0.28125 0.695312 0.070312 0.046875
0 0.07226600000000005 0.878906 0.136719 0.117188
0 0.642578 0.515625 0.035156 0.031250
0 0.49218799999999996 0.226562 0.039062 0.046875
0 0.798828 0.392578 0.027344 0.035156
0 0.9277340000000001 0.845703 0.058594 0.035156
0 0.738281 0.869141 0.031250 0.035156
0 0.125 0.613281 0.039062 0.031250
0 0.267578 0.843750 0.027344 0.031250
0 0.773438 0.427734 0.031250 0.027344
0 0.591797 0.468750 0.035156 0.031250
0 0.38085899999999995 0.468750 0.019531 0.023438
