0 0.04492200000000002 0.287109 0.089844 0.074219
0 0.8691409999999999 0.121094 0.050781 0.039062
0 0.921875 0.812500 0.101562 0.101562
0 0.9003909999999999 0.435547 0.019531 0.027344
0 0.7402340000000001 0.441406 0.019531 0.031250
0 0.6777340000000001 0.556641 0.019531 0.019531
0 0.23632799999999998 0.496094 0.027344 0.031250
0 0.12304700000000002 0.556641 0.042969 0.035156
0 0.09179700000000002 0.898438 0.089844 0.078125
0 0.07617200000000002 0.814453 0.058594 0.050781
0 0.03320299999999998 0.968750 0.066406 0.046875
0 0.18945299999999998 0.964844 0.128906 0.070312
0 0.40039100000000005 0.949219 0.167969 0.101562
0 0.511719 0.968750 0.046875 0.054688
0 0.41601600000000005 0.849609 0.058594 0.058594
0 0.607422 0.929688 0.097656 0.093750
0 0.07226600000000005 0.753906 0.035156 0.039062
0 0.675781 0.740234 0.070312 0.074219
0 0.21875 0.673828 0.039062 0.035156
0 0.23632799999999998 0.750000 0.035156 0.039062
0 0.27148399999999995 0.783203 0.035156 0.035156
0 0.14843799999999996 0.238281 0.046875 0.023438
