0 0.955078 0.287109 0.089844 0.074219
0 0.130859 0.121094 0.050781 0.039062
0 0.078125 0.812500 0.101562 0.101562
0 0.099609 0.435547 0.019531 0.027344
0 0.259766 0.441406 0.019531 0.031250
0 0.322266 0.556641 0.019531 0.019531
0 0.763672 0.496094 0.027344 0.031250
0 0.876953 0.556641 0.042969 0.035156
0 0.908203 0.898438 0.089844 0.078125
0 0.923828 0.814453 0.058594 0.050781
0 0.966797 0.968750 0.066406 0.046875
0 0.810547 0.964844 0.128906 0.070312
0 0.599609 0.949219 0.167969 0.101562
0 0.488281 0.968750 0.046875 0.054688
0 0.583984 0.849609 0.058594 0.058594
0 0.392578 0.929688 0.097656 0.093750
0 0.927734 0.753906 0.035156 0.039062
0 0.324219 0.740234 0.070312 0.074219
0 0.781250 0.673828 0.039062 0.035156
0 0.763672 0.750000 0.035156 0.039062
0 0.728516 0.783203 0.035156 0.035156
0 0.851562 0.238281 0.046875 0.023438
