0 0.513672 0.046875 0.066406 0.078125
0 0.970703 0.300781 0.050781 0.062500
0 0.628906 0.384766 0.039062 0.042969
0 0.6308590000000001 0.238281 0.042969 0.046875
0 0.832031 0.544922 0.054688 0.082031
0 0.11132799999999998 0.580078 0.058594 0.058594
0 0.019530999999999965 0.494141 0.039062 0.058594
0 0.8222659999999999 0.865234 0.042969 0.066406
0 0.357422 0.822266 0.035156 0.042969
0 0.298828 0.894531 0.042969 0.046875
0 0.44921900000000003 0.882812 0.039062 0.054688
0 0.6796880000000001 0.976562 0.117188 0.046875
0 0.439453 0.423828 0.082031 0.066406
0 0.5 0.650391 0.054688 0.050781
0 0.898438 0.939453 0.039062 0.035156
0 0.25585899999999995 0.908203 0.042969 0.035156
0 0.298828 0.962891 0.082031 0.050781
0 0.30273399999999995 0.210938 0.027344 0.039062
0 0.36718799999999996 0.234375 0.023438 0.031250
0 0.949219 0.744141 0.031250 0.035156
0 0.761719 0.724609 0.023438 0.027344
0 0.20703099999999997 0.779297 0.023438 0.027344
0 0.19335899999999995 0.718750 0.019531 0.031250
