0 0.775391 0.193359 0.035156 0.027344
0 0.568359 0.042969 0.050781 0.039062
0 0.042969 0.232422 0.031250 0.042969
0 0.896484 0.535156 0.207031 0.101562
0 0.042969 0.796875 0.078125 0.093750
0 0.136719 0.777344 0.062500 0.062500
0 0.111328 0.912109 0.089844 0.066406
0 0.164062 0.970703 0.093750 0.058594
0 0.314453 0.941406 0.199219 0.117188
0 0.466797 0.953125 0.105469 0.093750
0 0.601562 0.943359 0.171875 0.113281
0 0.736328 0.923828 0.121094 0.082031
0 0.890625 0.861328 0.218750 0.175781
0 0.787109 0.316406 0.042969 0.031250
0 0.273438 0.740234 0.054688 0.035156
0 0.431641 0.447266 0.035156 0.019531
