0 0.22460899999999995 0.193359 0.035156 0.027344
0 0.43164100000000005 0.042969 0.050781 0.039062
0 0.957031 0.232422 0.031250 0.042969
0 0.10351600000000005 0.535156 0.207031 0.101562
0 0.957031 0.796875 0.078125 0.093750
0 0.863281 0.777344 0.062500 0.062500
0 0.888672 0.912109 0.089844 0.066406
0 0.835938 0.970703 0.093750 0.058594
0 0.685547 0.941406 0.199219 0.117188
0 0.533203 0.953125 0.105469 0.093750
0 0.39843799999999996 0.943359 0.171875 0.113281
0 0.263672 0.923828 0.121094 0.082031
0 0.109375 0.861328 0.218750 0.175781
0 0.21289100000000005 0.316406 0.042969 0.031250
0 0.7265619999999999 0.740234 0.054688 0.035156
0 0.5683590000000001 0.447266 0.035156 0.019531
