0 0.939453 0.027344 0.074219 0.046875
0 0.9003909999999999 0.111328 0.050781 0.050781
0 0.798828 0.128906 0.058594 0.054688
0 0.732422 0.089844 0.035156 0.039062
0 0.757812 0.207031 0.054688 0.093750
0 0.8652340000000001 0.417969 0.058594 0.046875
0 0.734375 0.562500 0.054688 0.062500
0 0.964844 0.556641 0.062500 0.128906
0 0.423828 0.128906 0.097656 0.117188
0 0.5097659999999999 0.197266 0.050781 0.058594
0 0.34375 0.255859 0.054688 0.058594
0 0.29101600000000005 0.138672 0.066406 0.082031
0 0.22851600000000005 0.158203 0.042969 0.050781
0 0.13281200000000004 0.335938 0.046875 0.062500
0 0.5 0.429688 0.078125 0.078125
0 0.19726600000000005 0.740234 0.042969 0.035156
0 0.06054700000000002 0.882812 0.121094 0.132812
0 0.53125 0.972656 0.085938 0.054688
0 0.38476600000000005 0.957031 0.050781 0.039062
0 0.794922 0.390625 0.050781 0.062500
0 0.675781 0.431641 0.109375 0.058594
0 0.9316409999999999 0.757812 0.074219 0.054688
0 0.974609 0.767578 0.042969 0.050781
0 0.8691409999999999 0.808594 0.050781 0.054688
0 0.984375 0.820312 0.023438 0.046875
0 0.984375 0.912109 0.023438 0.082031
0 0.7558590000000001 0.933594 0.332031 0.132812
0 0.08789100000000005 0.984375 0.058594 0.031250
0 0.24023399999999995 0.392578 0.042969 0.042969
0 0.18164100000000005 0.019531 0.042969 0.031250
0 0.7109380000000001 0.019531 0.039062 0.031250
0 0.19335899999999995 0.177734 0.027344 0.042969
0 0.279297 0.302734 0.035156 0.035156
0 0.37890599999999997 0.201172 0.039062 0.058594
0 0.12109400000000003 0.255859 0.031250 0.027344
