0 0.060547 0.027344 0.074219 0.046875
0 0.099609 0.111328 0.050781 0.050781
0 0.201172 0.128906 0.058594 0.054688
0 0.267578 0.089844 0.035156 0.039062
0 0.242188 0.207031 0.054688 0.093750
0 0.134766 0.417969 0.058594 0.046875
0 0.265625 0.562500 0.054688 0.062500
0 0.035156 0.556641 0.062500 0.128906
0 0.576172 0.128906 0.097656 0.117188
0 0.490234 0.197266 0.050781 0.058594
0 0.656250 0.255859 0.054688 0.058594
0 0.708984 0.138672 0.066406 0.082031
0 0.771484 0.158203 0.042969 0.050781
0 0.867188 0.335938 0.046875 0.062500
0 0.500000 0.429688 0.078125 0.078125
0 0.802734 0.740234 0.042969 0.035156
0 0.939453 0.882812 0.121094 0.132812
0 0.468750 0.972656 0.085938 0.054688
0 0.615234 0.957031 0.050781 0.039062
0 0.205078 0.390625 0.050781 0.062500
0 0.324219 0.431641 0.109375 0.058594
0 0.068359 0.757812 0.074219 0.054688
0 0.025391 0.767578 0.042969 0.050781
0 0.130859 0.808594 0.050781 0.054688
0 0.015625 0.820312 0.023438 0.046875
0 0.015625 0.912109 0.023438 0.082031
0 0.244141 0.933594 0.332031 0.132812
0 0.912109 0.984375 0.058594 0.031250
0 0.759766 0.392578 0.042969 0.042969
0 0.818359 0.019531 0.042969 0.031250
0 0.289062 0.019531 0.039062 0.031250
0 0.806641 0.177734 0.027344 0.042969
0 0.720703 0.302734 0.035156 0.035156
0 0.621094 0.201172 0.039062 0.058594
0 0.878906 0.255859 0.031250 0.027344
