0 0.45703099999999997 0.269531 0.046875 0.046875
0 0.21875 0.056641 0.039062 0.042969
0 0.07421900000000003 0.228516 0.046875 0.050781
0 0.08398399999999995 0.289062 0.042969 0.046875
0 0.730469 0.041016 0.179688 0.074219
0 0.878906 0.046875 0.054688 0.062500
0 0.7910159999999999 0.496094 0.058594 0.054688
0 0.765625 0.562500 0.031250 0.031250
0 0.683594 0.875000 0.085938 0.070312
0 0.6777340000000001 0.951172 0.058594 0.058594
0 0.8535159999999999 0.875000 0.050781 0.070312
0 0.7910159999999999 0.863281 0.050781 0.054688
0 0.933594 0.871094 0.125000 0.101562
0 0.8652340000000001 0.945312 0.058594 0.046875
0 0.917969 0.978516 0.039062 0.042969
0 0.783203 0.972656 0.074219 0.046875
0 0.009766000000000052 0.884766 0.019531 0.042969
0 0.39453099999999997 0.533203 0.031250 0.035156
0 0.5722659999999999 0.224609 0.058594 0.050781
0 0.675781 0.312500 0.039062 0.031250
0 0.43164100000000005 0.048828 0.050781 0.035156
0 0.21093799999999996 0.109375 0.031250 0.031250
0 0.738281 0.224609 0.046875 0.035156
0 0.45898399999999995 0.671875 0.042969 0.039062
0 0.24218799999999996 0.822266 0.046875 0.050781
0 0.04492200000000002 0.962891 0.035156 0.042969
0 0.30859400000000003 0.845703 0.031250 0.035156
0 0.904297 0.654297 0.027344 0.019531
0 0.78125 0.615234 0.023438 0.035156
0 0.17773399999999995 0.320312 0.019531 0.023438
