0 0.6347659999999999 0.437500 0.238281 0.195312
0 0.5859380000000001 0.570312 0.062500 0.039062
0 0.972656 0.662109 0.039062 0.027344
0 0.720703 0.703125 0.027344 0.023438
0 0.736328 0.984375 0.035156 0.031250
0 0.25781200000000004 0.021484 0.054688 0.035156
0 0.689453 0.031250 0.050781 0.039062
0 0.972656 0.943359 0.046875 0.058594
0 0.20703099999999997 0.486328 0.031250 0.035156
0 0.21875 0.742188 0.031250 0.031250
0 0.27734400000000003 0.751953 0.023438 0.027344
0 0.11328099999999997 0.980469 0.046875 0.039062
0 0.910156 0.246094 0.031250 0.023438
0 0.855469 0.259766 0.031250 0.042969
0 0.009766000000000052 0.500000 0.019531 0.039062
0 0.701172 0.675781 0.027344 0.023438
0 0.933594 0.164062 0.031250 0.023438
0 0.07031200000000004 0.236328 0.031250 0.027344
