0 0.503906 0.064453 0.171875 0.121094
0 0.578125 0.558594 0.039062 0.039062
0 0.886719 0.496094 0.046875 0.039062
0 0.869141 0.615234 0.042969 0.027344
0 0.031250 0.255859 0.039062 0.042969
0 0.146484 0.222656 0.027344 0.031250
0 0.275391 0.759766 0.058594 0.105469
0 0.716797 0.710938 0.035156 0.046875
0 0.519531 0.810547 0.039062 0.050781
0 0.908203 0.837891 0.027344 0.027344
0 0.248047 0.050781 0.027344 0.039062
0 0.951172 0.953125 0.050781 0.039062
0 0.849609 0.046875 0.027344 0.023438
0 0.791016 0.179688 0.027344 0.031250
0 0.009766 0.505859 0.011719 0.035156
0 0.271484 0.277344 0.027344 0.023438
0 0.312500 0.238281 0.023438 0.023438
0 0.259766 0.400391 0.019531 0.019531
0 0.263672 0.521484 0.019531 0.027344
0 0.390625 0.363281 0.023438 0.023438
0 0.292969 0.458984 0.023438 0.019531
0 0.587891 0.912109 0.027344 0.035156
0 0.519531 0.462891 0.031250 0.027344
