0 0.49609400000000003 0.064453 0.171875 0.121094
0 0.421875 0.558594 0.039062 0.039062
0 0.11328099999999997 0.496094 0.046875 0.039062
0 0.13085899999999995 0.615234 0.042969 0.027344
0 0.96875 0.255859 0.039062 0.042969
0 0.8535159999999999 0.222656 0.027344 0.031250
0 0.7246090000000001 0.759766 0.058594 0.105469
0 0.283203 0.710938 0.035156 0.046875
0 0.48046900000000003 0.810547 0.039062 0.050781
0 0.09179700000000002 0.837891 0.027344 0.027344
0 0.751953 0.050781 0.027344 0.039062
0 0.04882799999999998 0.953125 0.050781 0.039062
0 0.15039100000000005 0.046875 0.027344 0.023438
0 0.20898399999999995 0.179688 0.027344 0.031250
0 0.990234 0.505859 0.011719 0.035156
0 0.7285159999999999 0.277344 0.027344 0.023438
0 0.6875 0.238281 0.023438 0.023438
0 0.7402340000000001 0.400391 0.019531 0.019531
0 0.736328 0.521484 0.019531 0.027344
0 0.609375 0.363281 0.023438 0.023438
0 0.707031 0.458984 0.023438 0.019531
0 0.41210899999999995 0.912109 0.027344 0.035156
0 0.48046900000000003 0.462891 0.031250 0.027344
