0 0.019531 0.406250 0.023438 0.039062
0 0.089844 0.505859 0.046875 0.050781
0 0.433594 0.083984 0.078125 0.042969
0 0.419922 0.130859 0.066406 0.035156
0 0.388672 0.341797 0.027344 0.027344
0 0.218750 0.550781 0.031250 0.031250
0 0.154297 0.332031 0.019531 0.031250
0 0.365234 0.580078 0.042969 0.035156
0 0.271484 0.554688 0.027344 0.023438
0 0.384766 0.630859 0.027344 0.035156
0 0.412109 0.623047 0.042969 0.035156
0 0.417969 0.673828 0.039062 0.035156
0 0.416016 0.716797 0.042969 0.035156
0 0.875000 0.972656 0.054688 0.039062
0 0.703125 0.777344 0.031250 0.039062
0 0.777344 0.794922 0.031250 0.035156
0 0.853516 0.818359 0.042969 0.050781
0 0.566406 0.906250 0.039062 0.046875
0 0.808594 0.871094 0.031250 0.031250
0 0.867188 0.863281 0.039062 0.023438
0 0.972656 0.814453 0.031250 0.035156
0 0.673828 0.572266 0.066406 0.050781
0 0.863281 0.582031 0.054688 0.054688
0 0.666016 0.070312 0.050781 0.054688
0 0.886719 0.306641 0.039062 0.035156
0 0.832031 0.251953 0.031250 0.027344
0 0.349609 0.031250 0.035156 0.031250
0 0.873047 0.091797 0.035156 0.035156
0 0.714844 0.378906 0.031250 0.031250
0 0.390625 0.449219 0.031250 0.039062
0 0.476562 0.220703 0.031250 0.035156
0 0.542969 0.197266 0.031250 0.042969
0 0.562500 0.740234 0.023438 0.027344
0 0.972656 0.332031 0.023438 0.023438
0 0.757812 0.755859 0.031250 0.027344
