0 0.361328 0.347656 0.050781 0.078125
0 0.18164100000000005 0.302734 0.105469 0.066406
0 0.484375 0.419922 0.054688 0.050781
0 0.20703099999999997 0.382812 0.078125 0.054688
0 0.017577999999999983 0.390625 0.035156 0.070312
0 0.09375 0.189453 0.046875 0.066406
0 0.14843799999999996 0.619141 0.062500 0.050781
0 0.10742200000000002 0.726562 0.050781 0.054688
0 0.691406 0.326172 0.054688 0.050781
0 0.65625 0.939453 0.101562 0.121094
0 0.49023399999999995 0.951172 0.113281 0.066406
0 0.30273399999999995 0.960938 0.074219 0.062500
0 0.498047 0.679688 0.152344 0.109375
0 0.875 0.839844 0.062500 0.078125
0 0.07421900000000003 0.277344 0.117188 0.109375
0 0.341797 0.449219 0.136719 0.109375
0 0.15429700000000002 0.480469 0.058594 0.164062
0 0.974609 0.503906 0.042969 0.062500
0 0.78125 0.392578 0.046875 0.035156
0 0.699219 0.242188 0.039062 0.031250
0 0.53125 0.283203 0.023438 0.035156
0 0.5097659999999999 0.332031 0.019531 0.023438
0 0.029297000000000017 0.492188 0.042969 0.046875
0 0.06835899999999995 0.511719 0.027344 0.031250
0 0.06445299999999998 0.683594 0.050781 0.054688
0 0.14453099999999997 0.160156 0.031250 0.062500
0 0.17968799999999996 0.214844 0.078125 0.054688
0 0.6464840000000001 0.777344 0.042969 0.031250
0 0.5546880000000001 0.849609 0.031250 0.042969
0 0.017577999999999983 0.919922 0.035156 0.050781
0 0.22851600000000005 0.951172 0.035156 0.058594
0 0.12890599999999997 0.970703 0.132812 0.058594
0 0.8496090000000001 0.904297 0.035156 0.035156
0 0.621094 0.087891 0.039062 0.042969
0 0.25781200000000004 0.257812 0.046875 0.078125
0 0.5878909999999999 0.789062 0.035156 0.023438
0 0.19140599999999997 0.798828 0.039062 0.035156
