0 0.343750 0.130859 0.078125 0.097656
0 0.343750 0.349609 0.039062 0.050781
0 0.285156 0.435547 0.046875 0.050781
0 0.775391 0.550781 0.175781 0.117188
0 0.937500 0.550781 0.039062 0.039062
0 0.962891 0.279297 0.074219 0.105469
0 0.839844 0.123047 0.078125 0.082031
0 0.707031 0.201172 0.046875 0.035156
0 0.937500 0.144531 0.039062 0.039062
0 0.781250 0.017578 0.054688 0.027344
0 0.908203 0.009766 0.042969 0.011719
0 0.976562 0.013672 0.046875 0.019531
0 0.064453 0.017578 0.042969 0.027344
0 0.707031 0.390625 0.039062 0.046875
0 0.236328 0.261719 0.058594 0.039062
0 0.181641 0.546875 0.035156 0.046875
0 0.125000 0.777344 0.085938 0.046875
0 0.531250 0.814453 0.039062 0.035156
0 0.324219 0.773438 0.031250 0.031250
0 0.357422 0.750000 0.027344 0.031250
0 0.195312 0.839844 0.039062 0.031250
0 0.265625 0.878906 0.039062 0.039062
0 0.224609 0.892578 0.050781 0.050781
0 0.185547 0.888672 0.042969 0.042969
0 0.052734 0.861328 0.027344 0.035156
0 0.593750 0.710938 0.031250 0.031250
0 0.558594 0.884766 0.046875 0.042969
0 0.406250 0.800781 0.031250 0.031250
0 0.847656 0.933594 0.023438 0.023438
0 0.089844 0.429688 0.023438 0.031250
0 0.980469 0.748047 0.015625 0.027344
