0 0.65625 0.130859 0.078125 0.097656
0 0.65625 0.349609 0.039062 0.050781
0 0.714844 0.435547 0.046875 0.050781
0 0.22460899999999995 0.550781 0.175781 0.117188
0 0.0625 0.550781 0.039062 0.039062
0 0.03710899999999995 0.279297 0.074219 0.105469
0 0.16015599999999997 0.123047 0.078125 0.082031
0 0.29296900000000003 0.201172 0.046875 0.035156
0 0.0625 0.144531 0.039062 0.039062
0 0.21875 0.017578 0.054688 0.027344
0 0.09179700000000002 0.009766 0.042969 0.011719
0 0.02343799999999996 0.013672 0.046875 0.019531
0 0.935547 0.017578 0.042969 0.027344
0 0.29296900000000003 0.390625 0.039062 0.046875
0 0.763672 0.261719 0.058594 0.039062
0 0.8183590000000001 0.546875 0.035156 0.046875
0 0.875 0.777344 0.085938 0.046875
0 0.46875 0.814453 0.039062 0.035156
0 0.675781 0.773438 0.031250 0.031250
0 0.642578 0.750000 0.027344 0.031250
0 0.804688 0.839844 0.039062 0.031250
0 0.734375 0.878906 0.039062 0.039062
0 0.7753909999999999 0.892578 0.050781 0.050781
0 0.814453 0.888672 0.042969 0.042969
0 0.9472659999999999 0.861328 0.027344 0.035156
0 0.40625 0.710938 0.031250 0.031250
0 0.44140599999999997 0.884766 0.046875 0.042969
0 0.59375 0.800781 0.031250 0.031250
0 0.15234400000000003 0.933594 0.023438 0.023438
0 0.910156 0.429688 0.023438 0.031250
0 0.019530999999999965 0.748047 0.015625 0.027344
