0 0.28125 0.259766 0.101562 0.082031
0 0.47851600000000005 0.457031 0.097656 0.117188
0 0.611328 0.492188 0.035156 0.039062
0 0.589844 0.183594 0.046875 0.039062
0 0.533203 0.185547 0.027344 0.035156
0 0.455078 0.224609 0.035156 0.035156
0 0.44140599999999997 0.031250 0.054688 0.039062
0 0.171875 0.011719 0.101562 0.015625
0 0.07226600000000005 0.566406 0.050781 0.085938
0 0.19140599999999997 0.189453 0.070312 0.058594
0 0.7421880000000001 0.839844 0.039062 0.039062
0 0.810547 0.345703 0.128906 0.128906
0 0.6816409999999999 0.289062 0.042969 0.054688
0 0.566406 0.314453 0.140625 0.136719
0 0.945312 0.392578 0.039062 0.035156
0 0.980469 0.037109 0.031250 0.050781
0 0.9472659999999999 0.150391 0.058594 0.042969
0 0.8691409999999999 0.136719 0.113281 0.070312
0 0.9589840000000001 0.263672 0.074219 0.136719
0 0.919922 0.072266 0.066406 0.066406
0 0.945312 0.076172 0.039062 0.027344
0 0.542969 0.824219 0.023438 0.031250
0 0.019530999999999965 0.023438 0.039062 0.031250
