0 0.718750 0.259766 0.101562 0.082031
0 0.521484 0.457031 0.097656 0.117188
0 0.388672 0.492188 0.035156 0.039062
0 0.410156 0.183594 0.046875 0.039062
0 0.466797 0.185547 0.027344 0.035156
0 0.544922 0.224609 0.035156 0.035156
0 0.558594 0.031250 0.054688 0.039062
0 0.828125 0.011719 0.101562 0.015625
0 0.927734 0.566406 0.050781 0.085938
0 0.808594 0.189453 0.070312 0.058594
0 0.257812 0.839844 0.039062 0.039062
0 0.189453 0.345703 0.128906 0.128906
0 0.318359 0.289062 0.042969 0.054688
0 0.433594 0.314453 0.140625 0.136719
0 0.054688 0.392578 0.039062 0.035156
0 0.019531 0.037109 0.031250 0.050781
0 0.052734 0.150391 0.058594 0.042969
0 0.130859 0.136719 0.113281 0.070312
0 0.041016 0.263672 0.074219 0.136719
0 0.080078 0.072266 0.066406 0.066406
0 0.054688 0.076172 0.039062 0.027344
0 0.457031 0.824219 0.023438 0.031250
0 0.980469 0.023438 0.039062 0.031250
