0 0.699219 0.343750 0.242188 0.062500
0 0.832031 0.158203 0.054688 0.027344
0 0.960938 0.183594 0.046875 0.046875
0 0.898438 0.056641 0.046875 0.058594
0 0.740234 0.062500 0.027344 0.031250
0 0.722656 0.101562 0.023438 0.031250
0 0.625000 0.181641 0.070312 0.058594
0 0.548828 0.103516 0.136719 0.066406
0 0.542969 0.068359 0.062500 0.050781
0 0.322266 0.037109 0.332031 0.066406
0 0.285156 0.152344 0.492188 0.281250
0 0.101562 0.185547 0.109375 0.097656
0 0.201172 0.396484 0.035156 0.042969
0 0.681641 0.466797 0.035156 0.050781
0 0.751953 0.453125 0.035156 0.046875
0 0.703125 0.519531 0.054688 0.039062
0 0.300781 0.511719 0.039062 0.046875
0 0.025391 0.527344 0.027344 0.046875
0 0.095703 0.621094 0.035156 0.031250
0 0.437500 0.519531 0.039062 0.039062
0 0.287109 0.714844 0.050781 0.046875
0 0.408203 0.892578 0.058594 0.050781
0 0.289062 0.800781 0.054688 0.078125
0 0.925781 0.531250 0.101562 0.085938
0 0.949219 0.794922 0.031250 0.027344
