0 0.30078099999999997 0.343750 0.242188 0.062500
0 0.16796900000000003 0.158203 0.054688 0.027344
0 0.03906200000000004 0.183594 0.046875 0.046875
0 0.10156200000000004 0.056641 0.046875 0.058594
0 0.25976600000000005 0.062500 0.027344 0.031250
0 0.27734400000000003 0.101562 0.023438 0.031250
0 0.375 0.181641 0.070312 0.058594
0 0.451172 0.103516 0.136719 0.066406
0 0.45703099999999997 0.068359 0.062500 0.050781
0 0.6777340000000001 0.037109 0.332031 0.066406
0 0.714844 0.152344 0.492188 0.281250
0 0.898438 0.185547 0.109375 0.097656
0 0.798828 0.396484 0.035156 0.042969
0 0.31835899999999995 0.466797 0.035156 0.050781
0 0.24804700000000002 0.453125 0.035156 0.046875
0 0.296875 0.519531 0.054688 0.039062
0 0.699219 0.511719 0.039062 0.046875
0 0.974609 0.527344 0.027344 0.046875
0 0.904297 0.621094 0.035156 0.031250
0 0.5625 0.519531 0.039062 0.039062
0 0.7128909999999999 0.714844 0.050781 0.046875
0 0.591797 0.892578 0.058594 0.050781
0 0.7109380000000001 0.800781 0.054688 0.078125
0 0.07421900000000003 0.531250 0.101562 0.085938
0 0.050780999999999965 0.794922 0.031250 0.027344
