0 0.253906 0.046875 0.109375 0.085938
0 0.275391 0.128906 0.074219 0.062500
0 0.179688 0.162109 0.054688 0.042969
0 0.142578 0.531250 0.113281 0.062500
0 0.054688 0.617188 0.039062 0.039062
0 0.218750 0.648438 0.070312 0.039062
0 0.291016 0.595703 0.058594 0.042969
0 0.369141 0.634766 0.058594 0.042969
0 0.447266 0.644531 0.050781 0.039062
0 0.923828 0.546875 0.042969 0.046875
0 0.300781 0.861328 0.031250 0.027344
0 0.595703 0.845703 0.105469 0.128906
0 0.890625 0.931641 0.109375 0.105469
0 0.947266 0.849609 0.097656 0.136719
0 0.593750 0.582031 0.023438 0.031250
0 0.478516 0.966797 0.027344 0.027344
