0 0.746094 0.046875 0.109375 0.085938
0 0.7246090000000001 0.128906 0.074219 0.062500
0 0.820312 0.162109 0.054688 0.042969
0 0.857422 0.531250 0.113281 0.062500
0 0.945312 0.617188 0.039062 0.039062
0 0.78125 0.648438 0.070312 0.039062
0 0.7089840000000001 0.595703 0.058594 0.042969
0 0.6308590000000001 0.634766 0.058594 0.042969
0 0.5527340000000001 0.644531 0.050781 0.039062
0 0.07617200000000002 0.546875 0.042969 0.046875
0 0.699219 0.861328 0.031250 0.027344
0 0.404297 0.845703 0.105469 0.128906
0 0.109375 0.931641 0.109375 0.105469
0 0.05273399999999995 0.849609 0.097656 0.136719
0 0.40625 0.582031 0.023438 0.031250
0 0.5214840000000001 0.966797 0.027344 0.027344
