0 0.7285159999999999 0.431641 0.042969 0.050781
0 0.8125 0.511719 0.031250 0.031250
0 0.978516 0.603516 0.035156 0.042969
0 0.777344 0.388672 0.039062 0.027344
0 0.6328119999999999 0.066406 0.039062 0.046875
0 0.574219 0.068359 0.054688 0.050781
0 0.847656 0.033203 0.062500 0.050781
0 0.623047 0.289062 0.027344 0.023438
0 0.78125 0.275391 0.031250 0.042969
0 0.701172 0.185547 0.019531 0.027344
0 0.691406 0.271484 0.031250 0.042969
0 0.90625 0.294922 0.031250 0.035156
0 0.37109400000000003 0.203125 0.046875 0.039062
0 0.27148399999999995 0.292969 0.050781 0.046875
0 0.46484400000000003 0.564453 0.031250 0.035156
0 0.09179700000000002 0.724609 0.042969 0.027344
0 0.050780999999999965 0.792969 0.062500 0.062500
0 0.765625 0.976562 0.125000 0.046875
0 0.283203 0.500000 0.035156 0.031250
0 0.564453 0.650391 0.050781 0.058594
0 0.49414100000000005 0.708984 0.042969 0.058594
0 0.609375 0.744141 0.031250 0.027344
0 0.27734400000000003 0.599609 0.031250 0.042969
0 0.5078119999999999 0.453125 0.031250 0.031250
0 0.37109400000000003 0.576172 0.031250 0.019531
0 0.621094 0.886719 0.023438 0.023438
0 0.27734400000000003 0.777344 0.031250 0.031250
0 0.19335899999999995 0.449219 0.011719 0.023438
0 0.423828 0.945312 0.027344 0.023438
0 0.283203 0.988281 0.027344 0.023438
