0 0.271484 0.431641 0.042969 0.050781
0 0.187500 0.511719 0.031250 0.031250
0 0.021484 0.603516 0.035156 0.042969
0 0.222656 0.388672 0.039062 0.027344
0 0.367188 0.066406 0.039062 0.046875
0 0.425781 0.068359 0.054688 0.050781
0 0.152344 0.033203 0.062500 0.050781
0 0.376953 0.289062 0.027344 0.023438
0 0.218750 0.275391 0.031250 0.042969
0 0.298828 0.185547 0.019531 0.027344
0 0.308594 0.271484 0.031250 0.042969
0 0.093750 0.294922 0.031250 0.035156
0 0.628906 0.203125 0.046875 0.039062
0 0.728516 0.292969 0.050781 0.046875
0 0.535156 0.564453 0.031250 0.035156
0 0.908203 0.724609 0.042969 0.027344
0 0.949219 0.792969 0.062500 0.062500
0 0.234375 0.976562 0.125000 0.046875
0 0.716797 0.500000 0.035156 0.031250
0 0.435547 0.650391 0.050781 0.058594
0 0.505859 0.708984 0.042969 0.058594
0 0.390625 0.744141 0.031250 0.027344
0 0.722656 0.599609 0.031250 0.042969
0 0.492188 0.453125 0.031250 0.031250
0 0.628906 0.576172 0.031250 0.019531
0 0.378906 0.886719 0.023438 0.023438
0 0.722656 0.777344 0.031250 0.031250
0 0.806641 0.449219 0.011719 0.023438
0 0.576172 0.945312 0.027344 0.023438
0 0.716797 0.988281 0.027344 0.023438
