0 0.226562 0.306641 0.031250 0.027344
0 0.175781 0.181641 0.031250 0.042969
0 0.777344 0.535156 0.031250 0.054688
0 0.185547 0.763672 0.082031 0.050781
0 0.027344 0.875000 0.046875 0.031250
0 0.369141 0.656250 0.027344 0.039062
0 0.458984 0.691406 0.136719 0.085938
0 0.599609 0.730469 0.089844 0.078125
0 0.746094 0.833984 0.031250 0.035156
0 0.800781 0.875000 0.062500 0.062500
0 0.880859 0.896484 0.074219 0.066406
0 0.214844 0.927734 0.093750 0.066406
0 0.480469 0.984375 0.132812 0.031250
0 0.359375 0.390625 0.093750 0.078125
0 0.652344 0.230469 0.031250 0.023438
0 0.896484 0.326172 0.019531 0.019531
