0 0.951172 0.023438 0.027344 0.031250
0 0.808594 0.107422 0.031250 0.027344
0 0.7246090000000001 0.212891 0.050781 0.042969
0 0.6171880000000001 0.255859 0.046875 0.035156
0 0.5546880000000001 0.304688 0.070312 0.046875
0 0.5527340000000001 0.396484 0.042969 0.042969
0 0.49023399999999995 0.404297 0.050781 0.074219
0 0.519531 0.482422 0.046875 0.058594
0 0.34960899999999995 0.542969 0.058594 0.031250
0 0.17968799999999996 0.978516 0.070312 0.042969
0 0.685547 0.908203 0.042969 0.058594
0 0.49609400000000003 0.025391 0.031250 0.035156
0 0.345703 0.171875 0.027344 0.031250
0 0.140625 0.580078 0.039062 0.042969
0 0.078125 0.642578 0.031250 0.035156
0 0.09375 0.085938 0.031250 0.031250
0 0.984375 0.431641 0.023438 0.035156
0 0.05273399999999995 0.802734 0.035156 0.035156
0 0.32226600000000005 0.978516 0.066406 0.042969
0 0.42578099999999997 0.380859 0.039062 0.050781
0 0.48046900000000003 0.640625 0.031250 0.039062
0 0.3125 0.119141 0.023438 0.035156
0 0.9160159999999999 0.365234 0.019531 0.027344
0 0.44335899999999995 0.833984 0.027344 0.019531
