0 0.048828 0.023438 0.027344 0.031250
0 0.191406 0.107422 0.031250 0.027344
0 0.275391 0.212891 0.050781 0.042969
0 0.382812 0.255859 0.046875 0.035156
0 0.445312 0.304688 0.070312 0.046875
0 0.447266 0.396484 0.042969 0.042969
0 0.509766 0.404297 0.050781 0.074219
0 0.480469 0.482422 0.046875 0.058594
0 0.650391 0.542969 0.058594 0.031250
0 0.820312 0.978516 0.070312 0.042969
0 0.314453 0.908203 0.042969 0.058594
0 0.503906 0.025391 0.031250 0.035156
0 0.654297 0.171875 0.027344 0.031250
0 0.859375 0.580078 0.039062 0.042969
0 0.921875 0.642578 0.031250 0.035156
0 0.906250 0.085938 0.031250 0.031250
0 0.015625 0.431641 0.023438 0.035156
0 0.947266 0.802734 0.035156 0.035156
0 0.677734 0.978516 0.066406 0.042969
0 0.574219 0.380859 0.039062 0.050781
0 0.519531 0.640625 0.031250 0.039062
0 0.687500 0.119141 0.023438 0.035156
0 0.083984 0.365234 0.019531 0.027344
0 0.556641 0.833984 0.027344 0.019531
