0 0.466797 0.029297 0.144531 0.050781
0 0.951172 0.470703 0.042969 0.058594
0 0.7265619999999999 0.035156 0.039062 0.039062
0 0.667969 0.056641 0.046875 0.050781
0 0.902344 0.205078 0.054688 0.058594
0 0.486328 0.259766 0.207031 0.121094
0 0.5546880000000001 0.089844 0.101562 0.078125
0 0.501953 0.125000 0.214844 0.132812
0 0.35156200000000004 0.050781 0.109375 0.085938
0 0.33593799999999996 0.138672 0.132812 0.089844
0 0.16210899999999995 0.091797 0.019531 0.042969
0 0.04882799999999998 0.103516 0.035156 0.042969
0 0.18164100000000005 0.203125 0.042969 0.054688
0 0.140625 0.195312 0.039062 0.054688
0 0.050780999999999965 0.037109 0.085938 0.058594
0 0.43359400000000003 0.369141 0.062500 0.082031
0 0.373047 0.355469 0.042969 0.054688
0 0.373047 0.429688 0.074219 0.046875
0 0.513672 0.429688 0.058594 0.070312
0 0.611328 0.484375 0.082031 0.085938
0 0.6308590000000001 0.593750 0.074219 0.062500
0 0.5859380000000001 0.640625 0.046875 0.031250
0 0.345703 0.539062 0.035156 0.046875
0 0.359375 0.582031 0.054688 0.046875
0 0.404297 0.734375 0.042969 0.031250
0 0.42578099999999997 0.789062 0.031250 0.039062
0 0.05664100000000005 0.695312 0.050781 0.070312
0 0.12109400000000003 0.746094 0.046875 0.054688
0 0.03906200000000004 0.753906 0.070312 0.054688
0 0.009766000000000052 0.791016 0.019531 0.035156
0 0.707031 0.705078 0.031250 0.035156
0 0.6308590000000001 0.767578 0.066406 0.050781
0 0.611328 0.816406 0.066406 0.046875
0 0.589844 0.869141 0.031250 0.035156
0 0.550781 0.949219 0.132812 0.078125
0 0.542969 0.851562 0.039062 0.046875
0 0.5722659999999999 0.902344 0.042969 0.046875
0 0.392578 0.988281 0.058594 0.023438
0 0.33984400000000003 0.658203 0.039062 0.042969
0 0.21679700000000002 0.562500 0.027344 0.039062
