0 0.984375 0.015625 0.023438 0.023438
0 0.964844 0.076172 0.039062 0.035156
0 0.917969 0.128906 0.039062 0.039062
0 0.982422 0.111328 0.027344 0.027344
0 0.960938 0.177734 0.054688 0.035156
0 0.847656 0.230469 0.046875 0.039062
0 0.859375 0.173828 0.039062 0.035156
0 0.917969 0.261719 0.070312 0.070312
0 0.892578 0.347656 0.058594 0.039062
0 0.939453 0.390625 0.027344 0.039062
0 0.8847659999999999 0.394531 0.042969 0.039062
0 0.47460899999999995 0.212891 0.058594 0.042969
0 0.49609400000000003 0.236328 0.046875 0.035156
0 0.44335899999999995 0.125000 0.027344 0.031250
0 0.636719 0.298828 0.031250 0.042969
0 0.564453 0.302734 0.035156 0.035156
0 0.517578 0.289062 0.042969 0.046875
0 0.47460899999999995 0.285156 0.050781 0.046875
0 0.607422 0.470703 0.035156 0.035156
0 0.251953 0.576172 0.082031 0.066406
0 0.14843799999999996 0.591797 0.101562 0.089844
0 0.025391000000000052 0.566406 0.050781 0.054688
0 0.021483999999999948 0.751953 0.035156 0.027344
0 0.988281 0.791016 0.015625 0.042969
0 0.921875 0.769531 0.054688 0.039062
0 0.929688 0.683594 0.039062 0.039062
0 0.810547 0.730469 0.042969 0.046875
0 0.6464840000000001 0.740234 0.050781 0.066406
0 0.560547 0.791016 0.035156 0.035156
0 0.47265599999999997 0.736328 0.039062 0.042969
0 0.5097659999999999 0.785156 0.035156 0.031250
0 0.902344 0.816406 0.054688 0.046875
0 0.808594 0.869141 0.039062 0.035156
0 0.753906 0.839844 0.054688 0.054688
0 0.7089840000000001 0.916016 0.074219 0.105469
0 0.595703 0.986328 0.058594 0.027344
0 0.6035159999999999 0.947266 0.042969 0.035156
0 0.34375 0.960938 0.046875 0.039062
0 0.23632799999999998 0.955078 0.050781 0.035156
0 0.42578099999999997 0.638672 0.031250 0.035156
0 0.388672 0.029297 0.019531 0.019531
