0 0.314453 0.019531 0.035156 0.031250
0 0.12304700000000002 0.046875 0.050781 0.085938
0 0.10156200000000004 0.113281 0.039062 0.039062
0 0.171875 0.121094 0.031250 0.039062
0 0.976562 0.230469 0.023438 0.023438
0 0.78125 0.701172 0.046875 0.035156
0 0.283203 0.712891 0.027344 0.027344
0 0.326172 0.212891 0.035156 0.035156
0 0.49218799999999996 0.898438 0.093750 0.085938
0 0.44335899999999995 0.953125 0.074219 0.054688
0 0.388672 0.984375 0.050781 0.031250
0 0.16015599999999997 0.496094 0.023438 0.039062
0 0.5097659999999999 0.818359 0.027344 0.027344
0 0.5722659999999999 0.802734 0.019531 0.027344
0 0.23828099999999997 0.935547 0.023438 0.019531
