0 0.892578 0.072266 0.035156 0.035156
0 0.763672 0.025391 0.074219 0.042969
0 0.667969 0.029297 0.054688 0.050781
0 0.675781 0.121094 0.046875 0.046875
0 0.5996090000000001 0.113281 0.050781 0.054688
0 0.45898399999999995 0.042969 0.035156 0.046875
0 0.25 0.060547 0.039062 0.042969
0 0.12695299999999998 0.017578 0.058594 0.027344
0 0.046875 0.230469 0.039062 0.046875
0 0.388672 0.619141 0.050781 0.050781
0 0.22656200000000004 0.630859 0.046875 0.050781
0 0.642578 0.773438 0.035156 0.039062
0 0.671875 0.867188 0.101562 0.039062
0 0.08398399999999995 0.759766 0.027344 0.042969
0 0.21875 0.751953 0.031250 0.027344
0 0.171875 0.822266 0.031250 0.027344
0 0.574219 0.007812 0.039062 0.007812
