0 0.107422 0.072266 0.035156 0.035156
0 0.236328 0.025391 0.074219 0.042969
0 0.332031 0.029297 0.054688 0.050781
0 0.324219 0.121094 0.046875 0.046875
0 0.400391 0.113281 0.050781 0.054688
0 0.541016 0.042969 0.035156 0.046875
0 0.750000 0.060547 0.039062 0.042969
0 0.873047 0.017578 0.058594 0.027344
0 0.953125 0.230469 0.039062 0.046875
0 0.611328 0.619141 0.050781 0.050781
0 0.773438 0.630859 0.046875 0.050781
0 0.357422 0.773438 0.035156 0.039062
0 0.328125 0.867188 0.101562 0.039062
0 0.916016 0.759766 0.027344 0.042969
0 0.781250 0.751953 0.031250 0.027344
0 0.828125 0.822266 0.031250 0.027344
0 0.425781 0.007812 0.039062 0.007812
