0 0.062500 0.398438 0.039062 0.031250
0 0.777344 0.261719 0.046875 0.046875
0 0.781250 0.181641 0.031250 0.042969
0 0.658203 0.472656 0.027344 0.031250
0 0.677734 0.511719 0.027344 0.031250
0 0.402344 0.775391 0.023438 0.035156
0 0.408203 0.578125 0.035156 0.031250
0 0.542969 0.429688 0.031250 0.023438
0 0.888672 0.648438 0.066406 0.078125
0 0.736328 0.660156 0.027344 0.023438
0 0.845703 0.750000 0.027344 0.031250
0 0.031250 0.062500 0.031250 0.015625
0 0.695312 0.162109 0.023438 0.019531
0 0.927734 0.455078 0.027344 0.027344
0 0.572266 0.982422 0.027344 0.035156
