0 0.9375 0.398438 0.039062 0.031250
0 0.22265599999999997 0.261719 0.046875 0.046875
0 0.21875 0.181641 0.031250 0.042969
0 0.341797 0.472656 0.027344 0.031250
0 0.32226600000000005 0.511719 0.027344 0.031250
0 0.597656 0.775391 0.023438 0.035156
0 0.591797 0.578125 0.035156 0.031250
0 0.45703099999999997 0.429688 0.031250 0.023438
0 0.11132799999999998 0.648438 0.066406 0.078125
0 0.263672 0.660156 0.027344 0.023438
0 0.15429700000000002 0.750000 0.027344 0.031250
0 0.96875 0.062500 0.031250 0.015625
0 0.30468799999999996 0.162109 0.023438 0.019531
0 0.07226600000000005 0.455078 0.027344 0.027344
0 0.42773399999999995 0.982422 0.027344 0.035156
