0 0.970703 0.244141 0.035156 0.042969
0 0.908203 0.328125 0.035156 0.039062
0 0.7753909999999999 0.304688 0.050781 0.062500
0 0.408203 0.525391 0.035156 0.042969
0 0.53125 0.558594 0.054688 0.046875
0 0.46484400000000003 0.642578 0.031250 0.035156
0 0.408203 0.687500 0.035156 0.046875
0 0.5097659999999999 0.046875 0.027344 0.023438
0 0.13476600000000005 0.875000 0.035156 0.039062
0 0.949219 0.921875 0.031250 0.039062
0 0.24023399999999995 0.044922 0.113281 0.066406
0 0.373047 0.798828 0.019531 0.019531
0 0.789062 0.826172 0.015625 0.019531
