0 0.298828 0.023438 0.027344 0.031250
0 0.044922 0.187500 0.050781 0.054688
0 0.570312 0.011719 0.070312 0.015625
0 0.884766 0.054688 0.042969 0.031250
0 0.568359 0.427734 0.082031 0.050781
0 0.646484 0.296875 0.027344 0.031250
0 0.384766 0.564453 0.066406 0.050781
0 0.962891 0.933594 0.050781 0.054688
0 0.164062 0.945312 0.031250 0.031250
0 0.169922 0.855469 0.035156 0.039062
0 0.019531 0.355469 0.031250 0.031250
0 0.451172 0.056641 0.042969 0.058594
0 0.179688 0.802734 0.023438 0.019531
0 0.404297 0.929688 0.035156 0.023438
0 0.412109 0.898438 0.011719 0.015625
0 0.761719 0.466797 0.015625 0.027344
0 0.496094 0.126953 0.015625 0.019531
