0 0.8066409999999999 0.025391 0.042969 0.042969
0 0.607422 0.050781 0.199219 0.093750
0 0.33984400000000003 0.066406 0.078125 0.070312
0 0.36718799999999996 0.140625 0.054688 0.078125
0 0.140625 0.093750 0.031250 0.031250
0 0.34960899999999995 0.271484 0.121094 0.113281
0 0.41015599999999997 0.326172 0.125000 0.082031
0 0.574219 0.361328 0.226562 0.113281
0 0.41015599999999997 0.417969 0.046875 0.070312
0 0.21093799999999996 0.326172 0.031250 0.035156
0 0.14648399999999995 0.324219 0.035156 0.039062
0 0.08593799999999996 0.332031 0.039062 0.031250
0 0.06445299999999998 0.275391 0.050781 0.035156
0 0.017577999999999983 0.302734 0.035156 0.035156
0 0.06054700000000002 0.150391 0.035156 0.027344
0 0.859375 0.591797 0.093750 0.097656
0 0.767578 0.601562 0.105469 0.101562
0 0.566406 0.587891 0.156250 0.082031
0 0.5410159999999999 0.712891 0.042969 0.050781
0 0.39843799999999996 0.652344 0.117188 0.054688
0 0.33789100000000005 0.744141 0.144531 0.144531
0 0.22265599999999997 0.669922 0.062500 0.066406
0 0.15039100000000005 0.775391 0.167969 0.144531
0 0.40039100000000005 0.826172 0.027344 0.035156
0 0.328125 0.853516 0.039062 0.042969
0 0.28515599999999997 0.863281 0.031250 0.039062
0 0.017577999999999983 0.806641 0.035156 0.050781
0 0.03125 0.943359 0.054688 0.050781
0 0.11523399999999995 0.378906 0.066406 0.054688
0 0.25390599999999997 0.449219 0.062500 0.085938
0 0.05664100000000005 0.064453 0.042969 0.050781
0 0.007812000000000041 0.128906 0.015625 0.031250
0 0.5078119999999999 0.212891 0.039062 0.058594
0 0.810547 0.714844 0.019531 0.023438
0 0.960938 0.332031 0.023438 0.031250
