0 0.033203 0.062500 0.058594 0.046875
0 0.156250 0.013672 0.046875 0.019531
0 0.476562 0.009766 0.039062 0.011719
0 0.347656 0.220703 0.609375 0.113281
0 0.039062 0.296875 0.070312 0.046875
0 0.091797 0.312500 0.050781 0.039062
0 0.068359 0.367188 0.035156 0.031250
0 0.484375 0.580078 0.039062 0.042969
0 0.568359 0.646484 0.058594 0.058594
0 0.033203 0.832031 0.058594 0.125000
0 0.029297 0.728516 0.050781 0.035156
0 0.123047 0.869141 0.058594 0.050781
0 0.261719 0.923828 0.078125 0.050781
0 0.785156 0.736328 0.046875 0.066406
0 0.896484 0.855469 0.207031 0.101562
0 0.654297 0.841797 0.191406 0.175781
0 0.423828 0.988281 0.042969 0.023438
0 0.464844 0.699219 0.039062 0.046875
0 0.689453 0.121094 0.027344 0.023438
0 0.919922 0.222656 0.027344 0.023438
0 0.960938 0.632812 0.039062 0.023438
0 0.914062 0.671875 0.031250 0.023438
0 0.248047 0.787109 0.027344 0.027344
