0 0.966797 0.062500 0.058594 0.046875
0 0.84375 0.013672 0.046875 0.019531
0 0.5234380000000001 0.009766 0.039062 0.011719
0 0.652344 0.220703 0.609375 0.113281
0 0.960938 0.296875 0.070312 0.046875
0 0.908203 0.312500 0.050781 0.039062
0 0.9316409999999999 0.367188 0.035156 0.031250
0 0.515625 0.580078 0.039062 0.042969
0 0.43164100000000005 0.646484 0.058594 0.058594
0 0.966797 0.832031 0.058594 0.125000
0 0.970703 0.728516 0.050781 0.035156
0 0.876953 0.869141 0.058594 0.050781
0 0.738281 0.923828 0.078125 0.050781
0 0.21484400000000003 0.736328 0.046875 0.066406
0 0.10351600000000005 0.855469 0.207031 0.101562
0 0.345703 0.841797 0.191406 0.175781
0 0.576172 0.988281 0.042969 0.023438
0 0.535156 0.699219 0.039062 0.046875
0 0.310547 0.121094 0.027344 0.023438
0 0.08007799999999998 0.222656 0.027344 0.023438
0 0.03906200000000004 0.632812 0.039062 0.023438
0 0.08593799999999996 0.671875 0.031250 0.023438
0 0.751953 0.787109 0.027344 0.027344
