0 0.7753909999999999 0.015625 0.105469 0.023438
0 0.6777340000000001 0.017578 0.089844 0.027344
0 0.503906 0.021484 0.156250 0.035156
0 0.03710899999999995 0.093750 0.074219 0.078125
0 0.04882799999999998 0.199219 0.097656 0.093750
0 0.16210899999999995 0.273438 0.058594 0.062500
0 0.027344000000000035 0.271484 0.046875 0.042969
0 0.22851600000000005 0.287109 0.042969 0.042969
0 0.07421900000000003 0.330078 0.046875 0.042969
0 0.04882799999999998 0.373047 0.050781 0.050781
0 0.267578 0.337891 0.027344 0.027344
0 0.466797 0.099609 0.035156 0.035156
0 0.32226600000000005 0.103516 0.175781 0.113281
0 0.6484380000000001 0.175781 0.046875 0.039062
0 0.591797 0.162109 0.050781 0.042969
0 0.867188 0.429688 0.078125 0.125000
0 0.839844 0.501953 0.039062 0.035156
0 0.701172 0.429688 0.097656 0.109375
0 0.5996090000000001 0.412109 0.082031 0.074219
0 0.560547 0.474609 0.058594 0.050781
0 0.47265599999999997 0.458984 0.132812 0.128906
0 0.546875 0.550781 0.039062 0.054688
0 0.669922 0.566406 0.042969 0.039062
0 0.623047 0.583984 0.027344 0.027344
0 0.982422 0.875000 0.027344 0.070312
0 0.859375 0.931641 0.140625 0.082031
0 0.730469 0.902344 0.070312 0.062500
0 0.960938 0.232422 0.015625 0.027344
0 0.978516 0.595703 0.035156 0.035156
0 0.966797 0.656250 0.027344 0.031250
0 0.810547 0.736328 0.027344 0.027344
0 0.898438 0.792969 0.039062 0.023438
0 0.535156 0.798828 0.031250 0.050781
