0 0.224609 0.015625 0.105469 0.023438
0 0.322266 0.017578 0.089844 0.027344
0 0.496094 0.021484 0.156250 0.035156
0 0.962891 0.093750 0.074219 0.078125
0 0.951172 0.199219 0.097656 0.093750
0 0.837891 0.273438 0.058594 0.062500
0 0.972656 0.271484 0.046875 0.042969
0 0.771484 0.287109 0.042969 0.042969
0 0.925781 0.330078 0.046875 0.042969
0 0.951172 0.373047 0.050781 0.050781
0 0.732422 0.337891 0.027344 0.027344
0 0.533203 0.099609 0.035156 0.035156
0 0.677734 0.103516 0.175781 0.113281
0 0.351562 0.175781 0.046875 0.039062
0 0.408203 0.162109 0.050781 0.042969
0 0.132812 0.429688 0.078125 0.125000
0 0.160156 0.501953 0.039062 0.035156
0 0.298828 0.429688 0.097656 0.109375
0 0.400391 0.412109 0.082031 0.074219
0 0.439453 0.474609 0.058594 0.050781
0 0.527344 0.458984 0.132812 0.128906
0 0.453125 0.550781 0.039062 0.054688
0 0.330078 0.566406 0.042969 0.039062
0 0.376953 0.583984 0.027344 0.027344
0 0.017578 0.875000 0.027344 0.070312
0 0.140625 0.931641 0.140625 0.082031
0 0.269531 0.902344 0.070312 0.062500
0 0.039062 0.232422 0.015625 0.027344
0 0.021484 0.595703 0.035156 0.035156
0 0.033203 0.656250 0.027344 0.031250
0 0.189453 0.736328 0.027344 0.027344
0 0.101562 0.792969 0.039062 0.023438
0 0.464844 0.798828 0.031250 0.050781
