0 0.035156 0.054688 0.062500 0.039062
0 0.199219 0.025391 0.085938 0.042969
0 0.091797 0.126953 0.066406 0.066406
0 0.138672 0.062500 0.058594 0.046875
0 0.294922 0.046875 0.035156 0.031250
0 0.228516 0.099609 0.097656 0.042969
0 0.160156 0.152344 0.054688 0.046875
0 0.041016 0.296875 0.035156 0.039062
0 0.115234 0.296875 0.042969 0.046875
0 0.199219 0.289062 0.039062 0.031250
0 0.251953 0.265625 0.035156 0.039062
0 0.492188 0.314453 0.085938 0.074219
0 0.554688 0.322266 0.046875 0.050781
0 0.587891 0.388672 0.097656 0.089844
0 0.703125 0.294922 0.039062 0.066406
0 0.287109 0.480469 0.019531 0.046875
0 0.244141 0.363281 0.035156 0.039062
0 0.351562 0.736328 0.054688 0.074219
0 0.408203 0.748047 0.035156 0.050781
0 0.652344 0.533203 0.125000 0.121094
0 0.541016 0.873047 0.058594 0.050781
0 0.664062 0.720703 0.109375 0.097656
0 0.775391 0.734375 0.097656 0.109375
0 0.664062 0.904297 0.054688 0.050781
0 0.259766 0.949219 0.292969 0.101562
0 0.486328 0.931641 0.121094 0.066406
0 0.750000 0.962891 0.187500 0.074219
0 0.484375 0.087891 0.046875 0.035156
0 0.548828 0.091797 0.035156 0.035156
0 0.519531 0.125000 0.031250 0.039062
0 0.884766 0.652344 0.035156 0.039062
0 0.943359 0.609375 0.035156 0.039062
0 0.589844 0.843750 0.046875 0.046875
0 0.896484 0.240234 0.027344 0.035156
0 0.847656 0.292969 0.031250 0.023438
0 0.779297 0.363281 0.027344 0.039062
0 0.980469 0.785156 0.039062 0.046875
0 0.218750 0.406250 0.031250 0.031250
0 0.390625 0.376953 0.023438 0.027344
0 0.761719 0.425781 0.023438 0.054688
0 0.111328 0.199219 0.035156 0.023438
0 0.775391 0.125000 0.019531 0.015625
0 0.863281 0.111328 0.039062 0.019531
