0 0.964844 0.054688 0.062500 0.039062
0 0.800781 0.025391 0.085938 0.042969
0 0.908203 0.126953 0.066406 0.066406
0 0.861328 0.062500 0.058594 0.046875
0 0.705078 0.046875 0.035156 0.031250
0 0.7714840000000001 0.099609 0.097656 0.042969
0 0.839844 0.152344 0.054688 0.046875
0 0.9589840000000001 0.296875 0.035156 0.039062
0 0.8847659999999999 0.296875 0.042969 0.046875
0 0.800781 0.289062 0.039062 0.031250
0 0.748047 0.265625 0.035156 0.039062
0 0.5078119999999999 0.314453 0.085938 0.074219
0 0.44531200000000004 0.322266 0.046875 0.050781
0 0.41210899999999995 0.388672 0.097656 0.089844
0 0.296875 0.294922 0.039062 0.066406
0 0.7128909999999999 0.480469 0.019531 0.046875
0 0.7558590000000001 0.363281 0.035156 0.039062
0 0.6484380000000001 0.736328 0.054688 0.074219
0 0.591797 0.748047 0.035156 0.050781
0 0.34765599999999997 0.533203 0.125000 0.121094
0 0.45898399999999995 0.873047 0.058594 0.050781
0 0.33593799999999996 0.720703 0.109375 0.097656
0 0.22460899999999995 0.734375 0.097656 0.109375
0 0.33593799999999996 0.904297 0.054688 0.050781
0 0.7402340000000001 0.949219 0.292969 0.101562
0 0.513672 0.931641 0.121094 0.066406
0 0.25 0.962891 0.187500 0.074219
0 0.515625 0.087891 0.046875 0.035156
0 0.451172 0.091797 0.035156 0.035156
0 0.48046900000000003 0.125000 0.031250 0.039062
0 0.11523399999999995 0.652344 0.035156 0.039062
0 0.05664100000000005 0.609375 0.035156 0.039062
0 0.41015599999999997 0.843750 0.046875 0.046875
0 0.10351600000000005 0.240234 0.027344 0.035156
0 0.15234400000000003 0.292969 0.031250 0.023438
0 0.22070299999999998 0.363281 0.027344 0.039062
0 0.019530999999999965 0.785156 0.039062 0.046875
0 0.78125 0.406250 0.031250 0.031250
0 0.609375 0.376953 0.023438 0.027344
0 0.23828099999999997 0.425781 0.023438 0.054688
0 0.888672 0.199219 0.035156 0.023438
0 0.22460899999999995 0.125000 0.019531 0.015625
0 0.13671900000000003 0.111328 0.039062 0.019531
