0 0.218750 0.179688 0.023438 0.046875
0 0.279297 0.222656 0.035156 0.039062
0 0.306641 0.435547 0.050781 0.042969
0 0.324219 0.394531 0.101562 0.031250
0 0.453125 0.453125 0.046875 0.031250
0 0.792969 0.394531 0.031250 0.031250
0 0.578125 0.488281 0.039062 0.054688
0 0.623047 0.458984 0.027344 0.035156
0 0.681641 0.480469 0.050781 0.046875
0 0.923828 0.472656 0.035156 0.054688
0 0.515625 0.242188 0.039062 0.039062
0 0.089844 0.521484 0.031250 0.035156
0 0.056641 0.628906 0.035156 0.031250
0 0.029297 0.722656 0.027344 0.031250
0 0.312500 0.744141 0.250000 0.089844
0 0.255859 0.830078 0.074219 0.066406
0 0.322266 0.835938 0.058594 0.062500
0 0.625000 0.767578 0.320312 0.167969
0 0.582031 0.902344 0.054688 0.046875
0 0.722656 0.933594 0.117188 0.093750
0 0.158203 0.951172 0.277344 0.097656
0 0.529297 0.376953 0.035156 0.042969
0 0.517578 0.533203 0.035156 0.035156
0 0.347656 0.685547 0.179688 0.082031
0 0.039062 0.074219 0.039062 0.023438
0 0.064453 0.716797 0.027344 0.027344
0 0.488281 0.027344 0.023438 0.023438
0 0.847656 0.396484 0.023438 0.019531
0 0.453125 0.230469 0.023438 0.023438
