0 0.78125 0.179688 0.023438 0.046875
0 0.720703 0.222656 0.035156 0.039062
0 0.6933590000000001 0.435547 0.050781 0.042969
0 0.675781 0.394531 0.101562 0.031250
0 0.546875 0.453125 0.046875 0.031250
0 0.20703099999999997 0.394531 0.031250 0.031250
0 0.421875 0.488281 0.039062 0.054688
0 0.376953 0.458984 0.027344 0.035156
0 0.31835899999999995 0.480469 0.050781 0.046875
0 0.07617200000000002 0.472656 0.035156 0.054688
0 0.484375 0.242188 0.039062 0.039062
0 0.910156 0.521484 0.031250 0.035156
0 0.9433590000000001 0.628906 0.035156 0.031250
0 0.970703 0.722656 0.027344 0.031250
0 0.6875 0.744141 0.250000 0.089844
0 0.7441409999999999 0.830078 0.074219 0.066406
0 0.6777340000000001 0.835938 0.058594 0.062500
0 0.375 0.767578 0.320312 0.167969
0 0.41796900000000003 0.902344 0.054688 0.046875
0 0.27734400000000003 0.933594 0.117188 0.093750
0 0.841797 0.951172 0.277344 0.097656
0 0.470703 0.376953 0.035156 0.042969
0 0.482422 0.533203 0.035156 0.035156
0 0.652344 0.685547 0.179688 0.082031
0 0.960938 0.074219 0.039062 0.023438
0 0.935547 0.716797 0.027344 0.027344
0 0.511719 0.027344 0.023438 0.023438
0 0.15234400000000003 0.396484 0.023438 0.019531
0 0.546875 0.230469 0.023438 0.023438
