0 0.099609 0.660156 0.082031 0.062500
0 0.347656 0.744141 0.070312 0.050781
0 0.123047 0.814453 0.050781 0.042969
0 0.507812 0.048828 0.039062 0.035156
0 0.652344 0.175781 0.039062 0.031250
0 0.531250 0.281250 0.054688 0.062500
0 0.857422 0.582031 0.035156 0.031250
0 0.851562 0.656250 0.039062 0.039062
0 0.130859 0.542969 0.089844 0.070312
0 0.013672 0.322266 0.019531 0.035156
0 0.021484 0.119141 0.035156 0.027344
0 0.794922 0.781250 0.035156 0.062500
0 0.650391 0.316406 0.042969 0.031250
0 0.482422 0.806641 0.113281 0.097656
0 0.531250 0.228516 0.031250 0.027344
0 0.208984 0.085938 0.027344 0.031250
0 0.072266 0.482422 0.019531 0.019531
0 0.712891 0.060547 0.027344 0.027344
0 0.695312 0.431641 0.023438 0.019531
