0 0.9003909999999999 0.660156 0.082031 0.062500
0 0.652344 0.744141 0.070312 0.050781
0 0.876953 0.814453 0.050781 0.042969
0 0.49218799999999996 0.048828 0.039062 0.035156
0 0.34765599999999997 0.175781 0.039062 0.031250
0 0.46875 0.281250 0.054688 0.062500
0 0.14257799999999998 0.582031 0.035156 0.031250
0 0.14843799999999996 0.656250 0.039062 0.039062
0 0.8691409999999999 0.542969 0.089844 0.070312
0 0.986328 0.322266 0.019531 0.035156
0 0.978516 0.119141 0.035156 0.027344
0 0.20507799999999998 0.781250 0.035156 0.062500
0 0.34960899999999995 0.316406 0.042969 0.031250
0 0.517578 0.806641 0.113281 0.097656
0 0.46875 0.228516 0.031250 0.027344
0 0.7910159999999999 0.085938 0.027344 0.031250
0 0.9277340000000001 0.482422 0.019531 0.019531
0 0.28710899999999995 0.060547 0.027344 0.027344
0 0.30468799999999996 0.431641 0.023438 0.019531
