0 0.9277340000000001 0.251953 0.050781 0.035156
0 0.808594 0.173828 0.039062 0.035156
0 0.855469 0.181641 0.039062 0.027344
0 0.8125 0.240234 0.054688 0.035156
0 0.49023399999999995 0.201172 0.050781 0.027344
0 0.527344 0.316406 0.039062 0.039062
0 0.589844 0.712891 0.257812 0.121094
0 0.5214840000000001 0.615234 0.066406 0.035156
0 0.535156 0.566406 0.101562 0.039062
0 0.935547 0.628906 0.042969 0.039062
0 0.992188 0.685547 0.007812 0.027344
0 0.976562 0.767578 0.031250 0.035156
0 0.6484380000000001 0.873047 0.250000 0.167969
0 0.283203 0.636719 0.042969 0.046875
0 0.05273399999999995 0.562500 0.042969 0.039062
0 0.24023399999999995 0.755859 0.238281 0.183594
0 0.05664100000000005 0.843750 0.058594 0.046875
0 0.05468799999999996 0.792969 0.039062 0.031250
0 0.015625 0.378906 0.031250 0.039062
0 0.39843799999999996 0.707031 0.046875 0.031250
0 0.41601600000000005 0.750000 0.042969 0.046875
0 0.546875 0.431641 0.031250 0.027344
0 0.513672 0.423828 0.019531 0.027344
0 0.951172 0.138672 0.027344 0.019531
0 0.972656 0.097656 0.023438 0.023438
0 0.9277340000000001 0.007812 0.019531 0.007812
