0 0.072266 0.251953 0.050781 0.035156
0 0.191406 0.173828 0.039062 0.035156
0 0.144531 0.181641 0.039062 0.027344
0 0.187500 0.240234 0.054688 0.035156
0 0.509766 0.201172 0.050781 0.027344
0 0.472656 0.316406 0.039062 0.039062
0 0.410156 0.712891 0.257812 0.121094
0 0.478516 0.615234 0.066406 0.035156
0 0.464844 0.566406 0.101562 0.039062
0 0.064453 0.628906 0.042969 0.039062
0 0.007812 0.685547 0.007812 0.027344
0 0.023438 0.767578 0.031250 0.035156
0 0.351562 0.873047 0.250000 0.167969
0 0.716797 0.636719 0.042969 0.046875
0 0.947266 0.562500 0.042969 0.039062
0 0.759766 0.755859 0.238281 0.183594
0 0.943359 0.843750 0.058594 0.046875
0 0.945312 0.792969 0.039062 0.031250
0 0.984375 0.378906 0.031250 0.039062
0 0.601562 0.707031 0.046875 0.031250
0 0.583984 0.750000 0.042969 0.046875
0 0.453125 0.431641 0.031250 0.027344
0 0.486328 0.423828 0.019531 0.027344
0 0.048828 0.138672 0.027344 0.019531
0 0.027344 0.097656 0.023438 0.023438
0 0.072266 0.007812 0.019531 0.007812
