0 0.757812 0.136719 0.070312 0.039062
0 0.917969 0.201172 0.039062 0.042969
0 0.964844 0.273438 0.039062 0.031250
0 0.630859 0.460938 0.035156 0.046875
0 0.646484 0.626953 0.050781 0.066406
0 0.900391 0.736328 0.027344 0.042969
0 0.314453 0.708984 0.089844 0.089844
0 0.312500 0.382812 0.070312 0.070312
0 0.216797 0.447266 0.097656 0.074219
0 0.156250 0.466797 0.062500 0.050781
0 0.183594 0.498047 0.054688 0.042969
0 0.021484 0.380859 0.035156 0.035156
0 0.021484 0.298828 0.035156 0.042969
0 0.039062 0.533203 0.039062 0.035156
0 0.076172 0.716797 0.058594 0.050781
0 0.203125 0.597656 0.125000 0.140625
0 0.177734 0.619141 0.035156 0.042969
0 0.468750 0.763672 0.031250 0.042969
0 0.474609 0.722656 0.042969 0.031250
0 0.457031 0.847656 0.046875 0.046875
0 0.660156 0.898438 0.046875 0.046875
0 0.699219 0.880859 0.046875 0.042969
0 0.632812 0.953125 0.085938 0.070312
0 0.578125 0.371094 0.039062 0.046875
0 0.988281 0.472656 0.023438 0.023438
0 0.083984 0.556641 0.027344 0.035156
0 0.097656 0.601562 0.023438 0.031250
0 0.556641 0.316406 0.027344 0.023438
0 0.621094 0.013672 0.015625 0.019531
