0 0.7714840000000001 0.087891 0.042969 0.042969
0 0.767578 0.025391 0.035156 0.035156
0 0.796875 0.365234 0.031250 0.035156
0 0.804688 0.421875 0.039062 0.039062
0 0.75 0.390625 0.054688 0.054688
0 0.5234380000000001 0.101562 0.039062 0.031250
0 0.46093799999999996 0.121094 0.070312 0.054688
0 0.589844 0.554688 0.070312 0.070312
0 0.628906 0.648438 0.031250 0.039062
0 0.8222659999999999 0.625000 0.035156 0.031250
0 0.542969 0.964844 0.062500 0.054688
0 0.5 0.947266 0.054688 0.050781
0 0.44335899999999995 0.968750 0.042969 0.054688
0 0.11914100000000005 0.863281 0.035156 0.031250
0 0.30273399999999995 0.980469 0.066406 0.039062
0 0.234375 0.992188 0.023438 0.015625
0 0.04101600000000005 0.628906 0.042969 0.031250
0 0.03906200000000004 0.667969 0.070312 0.039062
0 0.015625 0.619141 0.031250 0.066406
0 0.683594 0.250000 0.031250 0.023438
0 0.685547 0.208984 0.019531 0.019531
0 0.621094 0.259766 0.023438 0.019531
0 0.988281 0.476562 0.015625 0.031250
0 0.15625 0.099609 0.023438 0.027344
