0 0.357422 0.060547 0.050781 0.042969
0 0.974609 0.632812 0.042969 0.062500
0 0.652344 0.289062 0.046875 0.070312
0 0.5058590000000001 0.291016 0.027344 0.027344
0 0.6015619999999999 0.892578 0.078125 0.066406
0 0.4375 0.986328 0.031250 0.027344
0 0.341797 0.625000 0.035156 0.031250
0 0.597656 0.064453 0.031250 0.027344
0 0.841797 0.154297 0.035156 0.042969
0 0.28515599999999997 0.568359 0.031250 0.035156
0 0.466797 0.806641 0.027344 0.027344
0 0.894531 0.193359 0.015625 0.042969
0 0.949219 0.113281 0.023438 0.031250
0 0.10546900000000003 0.332031 0.054688 0.054688
0 0.529297 0.890625 0.019531 0.031250
0 0.6972659999999999 0.162109 0.019531 0.019531
0 0.408203 0.236328 0.035156 0.035156
0 0.19726600000000005 0.128906 0.027344 0.023438
0 0.8183590000000001 0.402344 0.027344 0.023438
0 0.71875 0.242188 0.023438 0.031250
0 0.800781 0.197266 0.023438 0.019531
0 0.548828 0.017578 0.089844 0.027344
