0 0.642578 0.060547 0.050781 0.042969
0 0.025391 0.632812 0.042969 0.062500
0 0.347656 0.289062 0.046875 0.070312
0 0.494141 0.291016 0.027344 0.027344
0 0.398438 0.892578 0.078125 0.066406
0 0.562500 0.986328 0.031250 0.027344
0 0.658203 0.625000 0.035156 0.031250
0 0.402344 0.064453 0.031250 0.027344
0 0.158203 0.154297 0.035156 0.042969
0 0.714844 0.568359 0.031250 0.035156
0 0.533203 0.806641 0.027344 0.027344
0 0.105469 0.193359 0.015625 0.042969
0 0.050781 0.113281 0.023438 0.031250
0 0.894531 0.332031 0.054688 0.054688
0 0.470703 0.890625 0.019531 0.031250
0 0.302734 0.162109 0.019531 0.019531
0 0.591797 0.236328 0.035156 0.035156
0 0.802734 0.128906 0.027344 0.023438
0 0.181641 0.402344 0.027344 0.023438
0 0.281250 0.242188 0.023438 0.031250
0 0.199219 0.197266 0.023438 0.019531
0 0.451172 0.017578 0.089844 0.027344
