0 0.253906 0.027344 0.164062 0.046875
0 0.363281 0.074219 0.039062 0.039062
0 0.150391 0.164062 0.089844 0.070312
0 0.277344 0.285156 0.031250 0.039062
0 0.025391 0.318359 0.042969 0.035156
0 0.382812 0.421875 0.054688 0.046875
0 0.267578 0.587891 0.058594 0.050781
0 0.750000 0.439453 0.046875 0.035156
0 0.728516 0.492188 0.042969 0.031250
0 0.824219 0.501953 0.046875 0.042969
0 0.794922 0.314453 0.128906 0.082031
0 0.365234 0.779297 0.042969 0.042969
0 0.412109 0.976562 0.113281 0.046875
0 0.451172 0.542969 0.042969 0.039062
0 0.927734 0.687500 0.027344 0.031250
0 0.462891 0.166016 0.074219 0.050781
0 0.576172 0.552734 0.019531 0.019531
0 0.015625 0.416016 0.023438 0.019531
0 0.529297 0.812500 0.019531 0.015625
0 0.542969 0.894531 0.015625 0.023438
0 0.248047 0.908203 0.050781 0.027344
0 0.103516 0.398438 0.019531 0.023438
0 0.087891 0.339844 0.027344 0.023438
0 0.896484 0.330078 0.019531 0.035156
0 0.228516 0.667969 0.011719 0.023438
