0 0.746094 0.027344 0.164062 0.046875
0 0.636719 0.074219 0.039062 0.039062
0 0.8496090000000001 0.164062 0.089844 0.070312
0 0.722656 0.285156 0.031250 0.039062
0 0.974609 0.318359 0.042969 0.035156
0 0.6171880000000001 0.421875 0.054688 0.046875
0 0.732422 0.587891 0.058594 0.050781
0 0.25 0.439453 0.046875 0.035156
0 0.27148399999999995 0.492188 0.042969 0.031250
0 0.17578099999999997 0.501953 0.046875 0.042969
0 0.20507799999999998 0.314453 0.128906 0.082031
0 0.6347659999999999 0.779297 0.042969 0.042969
0 0.5878909999999999 0.976562 0.113281 0.046875
0 0.548828 0.542969 0.042969 0.039062
0 0.07226600000000005 0.687500 0.027344 0.031250
0 0.5371090000000001 0.166016 0.074219 0.050781
0 0.423828 0.552734 0.019531 0.019531
0 0.984375 0.416016 0.023438 0.019531
0 0.470703 0.812500 0.019531 0.015625
0 0.45703099999999997 0.894531 0.015625 0.023438
0 0.751953 0.908203 0.050781 0.027344
0 0.8964840000000001 0.398438 0.019531 0.023438
0 0.9121090000000001 0.339844 0.027344 0.023438
0 0.10351600000000005 0.330078 0.019531 0.035156
0 0.7714840000000001 0.667969 0.011719 0.023438
