0 0.8339840000000001 0.269531 0.082031 0.054688
0 0.5527340000000001 0.369141 0.042969 0.050781
0 0.5058590000000001 0.029297 0.183594 0.050781
0 0.794922 0.708984 0.035156 0.035156
0 0.683594 0.675781 0.039062 0.031250
0 0.591797 0.812500 0.058594 0.078125
0 0.05664100000000005 0.425781 0.105469 0.203125
0 0.589844 0.984375 0.125000 0.031250
0 0.533203 0.599609 0.027344 0.042969
0 0.517578 0.380859 0.027344 0.050781
0 0.267578 0.537109 0.074219 0.058594
0 0.265625 0.240234 0.054688 0.058594
0 0.558594 0.650391 0.023438 0.027344
