0 0.960938 0.300781 0.070312 0.046875
0 0.6347659999999999 0.052734 0.035156 0.027344
0 0.867188 0.191406 0.039062 0.054688
0 0.800781 0.152344 0.046875 0.039062
0 0.13867200000000002 0.035156 0.066406 0.054688
0 0.07031200000000004 0.033203 0.039062 0.035156
0 0.07226600000000005 0.109375 0.027344 0.046875
0 0.14843799999999996 0.154297 0.039062 0.027344
0 0.32226600000000005 0.119141 0.113281 0.089844
0 0.03906200000000004 0.353516 0.046875 0.042969
0 0.019530999999999965 0.671875 0.039062 0.046875
0 0.33398399999999995 0.992188 0.050781 0.015625
