0 0.255859 0.169922 0.058594 0.050781
0 0.708984 0.183594 0.128906 0.046875
0 0.031250 0.253906 0.031250 0.046875
0 0.359375 0.177734 0.054688 0.058594
0 0.345703 0.228516 0.066406 0.042969
0 0.324219 0.271484 0.039062 0.035156
0 0.708984 0.464844 0.058594 0.046875
0 0.105469 0.269531 0.039062 0.046875
0 0.195312 0.750000 0.031250 0.039062
0 0.490234 0.564453 0.066406 0.050781
0 0.658203 0.507812 0.042969 0.031250
0 0.833984 0.503906 0.175781 0.078125
0 0.689453 0.656250 0.347656 0.117188
0 0.880859 0.775391 0.230469 0.074219
0 0.404297 0.759766 0.035156 0.050781
0 0.210938 0.908203 0.085938 0.050781
0 0.541016 0.972656 0.050781 0.031250
0 0.667969 0.011719 0.054688 0.015625
