0 0.7441409999999999 0.169922 0.058594 0.050781
0 0.29101600000000005 0.183594 0.128906 0.046875
0 0.96875 0.253906 0.031250 0.046875
0 0.640625 0.177734 0.054688 0.058594
0 0.654297 0.228516 0.066406 0.042969
0 0.675781 0.271484 0.039062 0.035156
0 0.29101600000000005 0.464844 0.058594 0.046875
0 0.894531 0.269531 0.039062 0.046875
0 0.804688 0.750000 0.031250 0.039062
0 0.5097659999999999 0.564453 0.066406 0.050781
0 0.341797 0.507812 0.042969 0.031250
0 0.16601600000000005 0.503906 0.175781 0.078125
0 0.310547 0.656250 0.347656 0.117188
0 0.11914100000000005 0.775391 0.230469 0.074219
0 0.595703 0.759766 0.035156 0.050781
0 0.789062 0.908203 0.085938 0.050781
0 0.45898399999999995 0.972656 0.050781 0.031250
0 0.33203099999999997 0.011719 0.054688 0.015625
