0 0.595703 0.019531 0.042969 0.031250
0 0.40234400000000003 0.636719 0.046875 0.054688
0 0.21093799999999996 0.210938 0.046875 0.031250
0 0.574219 0.093750 0.039062 0.046875
0 0.5097659999999999 0.246094 0.035156 0.039062
0 0.830078 0.818359 0.035156 0.042969
0 0.19726600000000005 0.861328 0.035156 0.035156
0 0.36914100000000005 0.982422 0.035156 0.027344
0 0.26171900000000003 0.109375 0.015625 0.023438
0 0.65625 0.808594 0.031250 0.023438
0 0.279297 0.833984 0.019531 0.027344
0 0.36718799999999996 0.845703 0.023438 0.027344
