0 0.875000 0.548828 0.125000 0.144531
0 0.632812 0.035156 0.148438 0.062500
0 0.257812 0.875000 0.039062 0.031250
0 0.970703 0.394531 0.035156 0.039062
0 0.759766 0.339844 0.027344 0.031250
0 0.232422 0.533203 0.035156 0.027344
0 0.537109 0.505859 0.027344 0.027344
0 0.857422 0.806641 0.035156 0.042969
0 0.882812 0.927734 0.046875 0.042969
0 0.888672 0.013672 0.042969 0.019531
0 0.541016 0.919922 0.027344 0.042969
0 0.210938 0.697266 0.039062 0.035156
0 0.216797 0.958984 0.027344 0.035156
0 0.207031 0.914062 0.031250 0.015625
0 0.158203 0.236328 0.035156 0.035156
0 0.251953 0.830078 0.035156 0.042969
