0 0.125 0.548828 0.125000 0.144531
0 0.36718799999999996 0.035156 0.148438 0.062500
0 0.7421880000000001 0.875000 0.039062 0.031250
0 0.029297000000000017 0.394531 0.035156 0.039062
0 0.24023399999999995 0.339844 0.027344 0.031250
0 0.767578 0.533203 0.035156 0.027344
0 0.46289100000000005 0.505859 0.027344 0.027344
0 0.14257799999999998 0.806641 0.035156 0.042969
0 0.11718799999999996 0.927734 0.046875 0.042969
0 0.11132799999999998 0.013672 0.042969 0.019531
0 0.45898399999999995 0.919922 0.027344 0.042969
0 0.789062 0.697266 0.039062 0.035156
0 0.783203 0.958984 0.027344 0.035156
0 0.792969 0.914062 0.031250 0.015625
0 0.841797 0.236328 0.035156 0.035156
0 0.748047 0.830078 0.035156 0.042969
