0 0.14843799999999996 0.349609 0.062500 0.058594
0 0.529297 0.548828 0.027344 0.035156
0 0.830078 0.599609 0.042969 0.035156
0 0.595703 0.763672 0.035156 0.035156
0 0.832031 0.958984 0.132812 0.082031
0 0.29296900000000003 0.042969 0.031250 0.031250
0 0.19726600000000005 0.033203 0.027344 0.035156
0 0.18554700000000002 0.863281 0.214844 0.132812
0 0.05664100000000005 0.943359 0.035156 0.035156
0 0.32031200000000004 0.572266 0.046875 0.042969
0 0.40625 0.365234 0.039062 0.035156
0 0.18554700000000002 0.542969 0.035156 0.039062
0 0.5625 0.658203 0.023438 0.019531
0 0.046875 0.654297 0.023438 0.027344
0 0.14257799999999998 0.669922 0.019531 0.019531
0 0.978516 0.716797 0.019531 0.019531
0 0.08593799999999996 0.980469 0.023438 0.023438
