0 0.851562 0.349609 0.062500 0.058594
0 0.470703 0.548828 0.027344 0.035156
0 0.169922 0.599609 0.042969 0.035156
0 0.404297 0.763672 0.035156 0.035156
0 0.167969 0.958984 0.132812 0.082031
0 0.707031 0.042969 0.031250 0.031250
0 0.802734 0.033203 0.027344 0.035156
0 0.814453 0.863281 0.214844 0.132812
0 0.943359 0.943359 0.035156 0.035156
0 0.679688 0.572266 0.046875 0.042969
0 0.593750 0.365234 0.039062 0.035156
0 0.814453 0.542969 0.035156 0.039062
0 0.437500 0.658203 0.023438 0.019531
0 0.953125 0.654297 0.023438 0.027344
0 0.857422 0.669922 0.019531 0.019531
0 0.021484 0.716797 0.019531 0.019531
0 0.914062 0.980469 0.023438 0.023438
