0 0.304688 0.175781 0.031250 0.046875
0 0.310547 0.531250 0.035156 0.039062
0 0.439453 0.169922 0.035156 0.035156
0 0.500000 0.132812 0.031250 0.031250
0 0.591797 0.115234 0.121094 0.058594
0 0.751953 0.171875 0.261719 0.203125
0 0.791016 0.710938 0.042969 0.039062
0 0.794922 0.425781 0.042969 0.039062
0 0.894531 0.943359 0.054688 0.042969
0 0.011719 0.890625 0.015625 0.031250
0 0.156250 0.767578 0.031250 0.027344
0 0.447266 0.644531 0.035156 0.039062
0 0.730469 0.968750 0.023438 0.031250
0 0.082031 0.587891 0.023438 0.019531
0 0.183594 0.904297 0.023438 0.027344
0 0.257812 0.992188 0.023438 0.015625
0 0.320312 0.902344 0.031250 0.031250
0 0.662109 0.433594 0.019531 0.015625
0 0.888672 0.787109 0.027344 0.027344
