0 0.6953119999999999 0.175781 0.031250 0.046875
0 0.689453 0.531250 0.035156 0.039062
0 0.560547 0.169922 0.035156 0.035156
0 0.5 0.132812 0.031250 0.031250
0 0.408203 0.115234 0.121094 0.058594
0 0.24804700000000002 0.171875 0.261719 0.203125
0 0.20898399999999995 0.710938 0.042969 0.039062
0 0.20507799999999998 0.425781 0.042969 0.039062
0 0.10546900000000003 0.943359 0.054688 0.042969
0 0.988281 0.890625 0.015625 0.031250
0 0.84375 0.767578 0.031250 0.027344
0 0.5527340000000001 0.644531 0.035156 0.039062
0 0.26953099999999997 0.968750 0.023438 0.031250
0 0.917969 0.587891 0.023438 0.019531
0 0.816406 0.904297 0.023438 0.027344
0 0.7421880000000001 0.992188 0.023438 0.015625
0 0.6796880000000001 0.902344 0.031250 0.031250
0 0.33789100000000005 0.433594 0.019531 0.015625
0 0.11132799999999998 0.787109 0.027344 0.027344
