0 0.921875 0.068359 0.039062 0.058594
0 0.546875 0.380859 0.062500 0.082031
0 0.613281 0.394531 0.054688 0.054688
0 0.6796880000000001 0.441406 0.046875 0.039062
0 0.732422 0.470703 0.035156 0.042969
0 0.42773399999999995 0.404297 0.058594 0.066406
0 0.29296900000000003 0.539062 0.054688 0.078125
0 0.13085899999999995 0.371094 0.035156 0.070312
0 0.41406200000000004 0.869141 0.070312 0.074219
0 0.435547 0.755859 0.042969 0.042969
0 0.574219 0.603516 0.046875 0.050781
0 0.6347659999999999 0.681641 0.042969 0.074219
0 0.18945299999999998 0.837891 0.035156 0.042969
0 0.24414100000000005 0.824219 0.050781 0.039062
0 0.0625 0.962891 0.039062 0.035156
0 0.957031 0.625000 0.023438 0.031250
0 0.02343799999999996 0.041016 0.023438 0.019531
0 0.845703 0.404297 0.019531 0.019531
0 0.986328 0.353516 0.019531 0.027344
