0 0.078125 0.068359 0.039062 0.058594
0 0.453125 0.380859 0.062500 0.082031
0 0.386719 0.394531 0.054688 0.054688
0 0.320312 0.441406 0.046875 0.039062
0 0.267578 0.470703 0.035156 0.042969
0 0.572266 0.404297 0.058594 0.066406
0 0.707031 0.539062 0.054688 0.078125
0 0.869141 0.371094 0.035156 0.070312
0 0.585938 0.869141 0.070312 0.074219
0 0.564453 0.755859 0.042969 0.042969
0 0.425781 0.603516 0.046875 0.050781
0 0.365234 0.681641 0.042969 0.074219
0 0.810547 0.837891 0.035156 0.042969
0 0.755859 0.824219 0.050781 0.039062
0 0.937500 0.962891 0.039062 0.035156
0 0.042969 0.625000 0.023438 0.031250
0 0.976562 0.041016 0.023438 0.019531
0 0.154297 0.404297 0.019531 0.019531
0 0.013672 0.353516 0.019531 0.027344
