0 0.044922 0.195312 0.027344 0.031250
0 0.146484 0.292969 0.035156 0.031250
0 0.031250 0.646484 0.031250 0.035156
0 0.033203 0.939453 0.058594 0.035156
0 0.630859 0.253906 0.035156 0.031250
0 0.251953 0.025391 0.066406 0.042969
0 0.763672 0.414062 0.027344 0.031250
0 0.294922 0.449219 0.042969 0.031250
0 0.257812 0.500000 0.039062 0.031250
0 0.373047 0.486328 0.058594 0.050781
0 0.421875 0.658203 0.023438 0.035156
0 0.181641 0.509766 0.042969 0.035156
0 0.556641 0.916016 0.035156 0.035156
0 0.519531 0.984375 0.046875 0.023438
0 0.400391 0.988281 0.050781 0.023438
0 0.720703 0.757812 0.050781 0.046875
0 0.451172 0.013672 0.042969 0.019531
0 0.443359 0.185547 0.042969 0.042969
0 0.923828 0.134766 0.027344 0.019531
0 0.021484 0.568359 0.035156 0.027344
