0 0.671875 0.203125 0.031250 0.039062
0 0.32421900000000003 0.232422 0.031250 0.027344
0 0.09765599999999997 0.216797 0.031250 0.042969
0 0.373047 0.365234 0.035156 0.050781
0 0.6015619999999999 0.857422 0.070312 0.074219
0 0.23242200000000002 0.017578 0.035156 0.027344
0 0.40625 0.302734 0.046875 0.050781
0 0.09375 0.859375 0.031250 0.031250
0 0.11914100000000005 0.884766 0.027344 0.035156
0 0.6621090000000001 0.771484 0.042969 0.042969
0 0.6953119999999999 0.494141 0.039062 0.042969
0 0.560547 0.988281 0.042969 0.023438
