0 0.816406 0.314453 0.062500 0.066406
0 0.826172 0.236328 0.019531 0.027344
0 0.542969 0.031250 0.031250 0.039062
0 0.486328 0.195312 0.074219 0.062500
0 0.451172 0.349609 0.058594 0.058594
0 0.404297 0.199219 0.027344 0.039062
0 0.25976600000000005 0.132812 0.035156 0.031250
0 0.359375 0.820312 0.023438 0.031250
0 0.23828099999999997 0.308594 0.031250 0.023438
0 0.08007799999999998 0.380859 0.019531 0.019531
0 0.964844 0.373047 0.023438 0.019531
0 0.966797 0.863281 0.019531 0.023438
0 0.14257799999999998 0.802734 0.011719 0.019531
