0 0.78125 0.009766 0.125000 0.011719
0 0.574219 0.019531 0.054688 0.031250
0 0.40625 0.173828 0.039062 0.042969
0 0.09179700000000002 0.294922 0.035156 0.035156
0 0.015625 0.367188 0.031250 0.062500
0 0.109375 0.083984 0.218750 0.160156
0 0.046875 0.642578 0.093750 0.175781
0 0.486328 0.556641 0.128906 0.074219
0 0.33398399999999995 0.564453 0.128906 0.082031
0 0.22656200000000004 0.603516 0.085938 0.128906
0 0.12304700000000002 0.726562 0.050781 0.062500
0 0.30078099999999997 0.867188 0.179688 0.109375
0 0.05273399999999995 0.929688 0.042969 0.046875
0 0.21875 0.937500 0.062500 0.046875
0 0.15234400000000003 0.929688 0.054688 0.093750
0 0.47851600000000005 0.398438 0.019531 0.015625
