0 0.804688 0.042969 0.210938 0.078125
0 0.988281 0.371094 0.015625 0.054688
0 0.925781 0.427734 0.054688 0.058594
0 0.08007799999999998 0.781250 0.160156 0.171875
0 0.263672 0.628906 0.113281 0.101562
0 0.42773399999999995 0.750000 0.238281 0.117188
0 0.27343799999999996 0.773438 0.085938 0.078125
0 0.826172 0.609375 0.339844 0.226562
0 0.929688 0.830078 0.109375 0.082031
0 0.845703 0.953125 0.285156 0.093750
0 0.779297 0.421875 0.089844 0.109375
0 0.689453 0.376953 0.035156 0.035156
0 0.560547 0.470703 0.042969 0.027344
0 0.46093799999999996 0.109375 0.062500 0.085938
0 0.36914100000000005 0.167969 0.042969 0.070312
0 0.886719 0.103516 0.062500 0.042969
0 0.535156 0.601562 0.023438 0.031250
0 0.591797 0.632812 0.027344 0.031250
0 0.035155999999999965 0.250000 0.031250 0.031250
0 0.27148399999999995 0.238281 0.042969 0.031250
0 0.38085899999999995 0.101562 0.042969 0.031250
0 0.970703 0.019531 0.035156 0.031250
0 0.025391000000000052 0.482422 0.019531 0.019531
