0 0.195312 0.042969 0.210938 0.078125
0 0.011719 0.371094 0.015625 0.054688
0 0.074219 0.427734 0.054688 0.058594
0 0.919922 0.781250 0.160156 0.171875
0 0.736328 0.628906 0.113281 0.101562
0 0.572266 0.750000 0.238281 0.117188
0 0.726562 0.773438 0.085938 0.078125
0 0.173828 0.609375 0.339844 0.226562
0 0.070312 0.830078 0.109375 0.082031
0 0.154297 0.953125 0.285156 0.093750
0 0.220703 0.421875 0.089844 0.109375
0 0.310547 0.376953 0.035156 0.035156
0 0.439453 0.470703 0.042969 0.027344
0 0.539062 0.109375 0.062500 0.085938
0 0.630859 0.167969 0.042969 0.070312
0 0.113281 0.103516 0.062500 0.042969
0 0.464844 0.601562 0.023438 0.031250
0 0.408203 0.632812 0.027344 0.031250
0 0.964844 0.250000 0.031250 0.031250
0 0.728516 0.238281 0.042969 0.031250
0 0.619141 0.101562 0.042969 0.031250
0 0.029297 0.019531 0.035156 0.031250
0 0.974609 0.482422 0.019531 0.019531
