0 0.953125 0.820312 0.085938 0.125000
0 0.832031 0.787109 0.031250 0.042969
0 0.71875 0.945312 0.437500 0.109375
0 0.16015599999999997 0.876953 0.164062 0.082031
0 0.10742200000000002 0.968750 0.113281 0.062500
0 0.27343799999999996 0.628906 0.046875 0.054688
0 0.025391000000000052 0.753906 0.042969 0.039062
0 0.058594000000000035 0.626953 0.070312 0.082031
0 0.38671900000000003 0.404297 0.398438 0.300781
0 0.05273399999999995 0.365234 0.035156 0.035156
0 0.11718799999999996 0.392578 0.031250 0.042969
0 0.945312 0.617188 0.070312 0.046875
0 0.591797 0.675781 0.035156 0.039062
0 0.544922 0.699219 0.042969 0.054688
0 0.7265619999999999 0.507812 0.023438 0.031250
0 0.949219 0.496094 0.023438 0.023438
0 0.814453 0.041016 0.027344 0.035156
0 0.7285159999999999 0.800781 0.035156 0.031250
0 0.43359400000000003 0.960938 0.015625 0.031250
0 0.6347659999999999 0.787109 0.035156 0.019531
