0 0.046875 0.820312 0.085938 0.125000
0 0.167969 0.787109 0.031250 0.042969
0 0.281250 0.945312 0.437500 0.109375
0 0.839844 0.876953 0.164062 0.082031
0 0.892578 0.968750 0.113281 0.062500
0 0.726562 0.628906 0.046875 0.054688
0 0.974609 0.753906 0.042969 0.039062
0 0.941406 0.626953 0.070312 0.082031
0 0.613281 0.404297 0.398438 0.300781
0 0.947266 0.365234 0.035156 0.035156
0 0.882812 0.392578 0.031250 0.042969
0 0.054688 0.617188 0.070312 0.046875
0 0.408203 0.675781 0.035156 0.039062
0 0.455078 0.699219 0.042969 0.054688
0 0.273438 0.507812 0.023438 0.031250
0 0.050781 0.496094 0.023438 0.023438
0 0.185547 0.041016 0.027344 0.035156
0 0.271484 0.800781 0.035156 0.031250
0 0.566406 0.960938 0.015625 0.031250
0 0.365234 0.787109 0.035156 0.019531
