0 0.234375 0.412109 0.054688 0.050781
0 0.24218799999999996 0.031250 0.125000 0.054688
0 0.11523399999999995 0.132812 0.066406 0.054688
0 0.02343799999999996 0.130859 0.039062 0.058594
0 0.960938 0.880859 0.070312 0.074219
0 0.6640619999999999 0.777344 0.281250 0.140625
0 0.902344 0.976562 0.179688 0.046875
0 0.330078 0.615234 0.035156 0.035156
0 0.941406 0.736328 0.085938 0.058594
0 0.804688 0.482422 0.023438 0.019531
0 0.863281 0.562500 0.015625 0.015625
0 0.59375 0.875000 0.039062 0.023438
0 0.578125 0.898438 0.031250 0.023438
0 0.988281 0.332031 0.015625 0.023438
