0 0.255859 0.617188 0.105469 0.062500
0 0.671875 0.250000 0.039062 0.039062
0 0.201172 0.197266 0.035156 0.035156
0 0.257812 0.203125 0.031250 0.031250
0 0.394531 0.285156 0.054688 0.054688
0 0.095703 0.630859 0.035156 0.035156
0 0.851562 0.697266 0.039062 0.035156
0 0.906250 0.710938 0.031250 0.039062
0 0.857422 0.730469 0.035156 0.039062
0 0.511719 0.808594 0.062500 0.070312
0 0.578125 0.796875 0.039062 0.062500
0 0.958984 0.164062 0.042969 0.046875
0 0.939453 0.468750 0.042969 0.046875
0 0.767578 0.126953 0.019531 0.019531
0 0.828125 0.093750 0.023438 0.031250
0 0.753906 0.503906 0.015625 0.023438
0 0.957031 0.736328 0.023438 0.027344
0 0.343750 0.875000 0.023438 0.023438
