0 0.7441409999999999 0.617188 0.105469 0.062500
0 0.328125 0.250000 0.039062 0.039062
0 0.798828 0.197266 0.035156 0.035156
0 0.7421880000000001 0.203125 0.031250 0.031250
0 0.605469 0.285156 0.054688 0.054688
0 0.904297 0.630859 0.035156 0.035156
0 0.14843799999999996 0.697266 0.039062 0.035156
0 0.09375 0.710938 0.031250 0.039062
0 0.14257799999999998 0.730469 0.035156 0.039062
0 0.48828099999999997 0.808594 0.062500 0.070312
0 0.421875 0.796875 0.039062 0.062500
0 0.04101600000000005 0.164062 0.042969 0.046875
0 0.06054700000000002 0.468750 0.042969 0.046875
0 0.23242200000000002 0.126953 0.019531 0.019531
0 0.171875 0.093750 0.023438 0.031250
0 0.24609400000000003 0.503906 0.015625 0.023438
0 0.042969000000000035 0.736328 0.023438 0.027344
0 0.65625 0.875000 0.023438 0.023438
