0 0.052734 0.017578 0.035156 0.027344
0 0.183594 0.220703 0.031250 0.058594
0 0.146484 0.132812 0.027344 0.031250
0 0.453125 0.195312 0.054688 0.039062
0 0.482422 0.240234 0.035156 0.027344
0 0.480469 0.103516 0.031250 0.042969
0 0.542969 0.027344 0.062500 0.046875
0 0.767578 0.017578 0.042969 0.027344
0 0.775391 0.085938 0.058594 0.046875
0 0.830078 0.064453 0.027344 0.035156
0 0.917969 0.164062 0.093750 0.070312
0 0.849609 0.236328 0.058594 0.050781
0 0.630859 0.380859 0.066406 0.058594
0 0.744141 0.335938 0.050781 0.046875
0 0.894531 0.443359 0.132812 0.152344
0 0.849609 0.572266 0.105469 0.066406
0 0.265625 0.953125 0.085938 0.093750
0 0.781250 0.941406 0.039062 0.039062
0 0.052734 0.787109 0.058594 0.074219
0 0.029297 0.316406 0.019531 0.031250
0 0.318359 0.460938 0.019531 0.031250
0 0.914062 0.697266 0.031250 0.027344
0 0.851562 0.841797 0.054688 0.035156
