0 0.9472659999999999 0.017578 0.035156 0.027344
0 0.816406 0.220703 0.031250 0.058594
0 0.8535159999999999 0.132812 0.027344 0.031250
0 0.546875 0.195312 0.054688 0.039062
0 0.517578 0.240234 0.035156 0.027344
0 0.519531 0.103516 0.031250 0.042969
0 0.45703099999999997 0.027344 0.062500 0.046875
0 0.23242200000000002 0.017578 0.042969 0.027344
0 0.22460899999999995 0.085938 0.058594 0.046875
0 0.16992200000000002 0.064453 0.027344 0.035156
0 0.08203099999999997 0.164062 0.093750 0.070312
0 0.15039100000000005 0.236328 0.058594 0.050781
0 0.36914100000000005 0.380859 0.066406 0.058594
0 0.25585899999999995 0.335938 0.050781 0.046875
0 0.10546900000000003 0.443359 0.132812 0.152344
0 0.15039100000000005 0.572266 0.105469 0.066406
0 0.734375 0.953125 0.085938 0.093750
0 0.21875 0.941406 0.039062 0.039062
0 0.9472659999999999 0.787109 0.058594 0.074219
0 0.970703 0.316406 0.019531 0.031250
0 0.6816409999999999 0.460938 0.019531 0.031250
0 0.08593799999999996 0.697266 0.031250 0.027344
0 0.14843799999999996 0.841797 0.054688 0.035156
