0 0.15820299999999998 0.017578 0.058594 0.027344
0 0.04882799999999998 0.248047 0.042969 0.042969
0 0.47265599999999997 0.148438 0.031250 0.054688
0 0.361328 0.142578 0.050781 0.058594
0 0.36718799999999996 0.218750 0.085938 0.109375
0 0.283203 0.251953 0.074219 0.097656
0 0.78125 0.503906 0.031250 0.046875
0 0.974609 0.605469 0.027344 0.039062
0 0.576172 0.589844 0.050781 0.062500
0 0.933594 0.732422 0.046875 0.066406
0 0.832031 0.703125 0.156250 0.203125
0 0.59375 0.705078 0.054688 0.058594
0 0.46289100000000005 0.675781 0.035156 0.031250
0 0.36523399999999995 0.621094 0.175781 0.039062
0 0.6464840000000001 0.820312 0.074219 0.085938
0 0.5839840000000001 0.859375 0.050781 0.062500
0 0.28906200000000004 0.818359 0.046875 0.042969
0 0.33789100000000005 0.896484 0.050781 0.050781
0 0.05664100000000005 0.949219 0.074219 0.070312
0 0.24609400000000003 0.939453 0.039062 0.042969
0 0.503906 0.984375 0.093750 0.031250
0 0.37109400000000003 0.947266 0.031250 0.042969
0 0.32421900000000003 0.990234 0.046875 0.019531
0 0.960938 0.656250 0.070312 0.031250
0 0.7109380000000001 0.544922 0.070312 0.050781
0 0.669922 0.886719 0.082031 0.046875
0 0.75 0.880859 0.039062 0.035156
0 0.783203 0.847656 0.035156 0.023438
0 0.826172 0.916016 0.019531 0.027344
0 0.919922 0.976562 0.027344 0.023438
