0 0.841797 0.017578 0.058594 0.027344
0 0.951172 0.248047 0.042969 0.042969
0 0.527344 0.148438 0.031250 0.054688
0 0.638672 0.142578 0.050781 0.058594
0 0.632812 0.218750 0.085938 0.109375
0 0.716797 0.251953 0.074219 0.097656
0 0.218750 0.503906 0.031250 0.046875
0 0.025391 0.605469 0.027344 0.039062
0 0.423828 0.589844 0.050781 0.062500
0 0.066406 0.732422 0.046875 0.066406
0 0.167969 0.703125 0.156250 0.203125
0 0.406250 0.705078 0.054688 0.058594
0 0.537109 0.675781 0.035156 0.031250
0 0.634766 0.621094 0.175781 0.039062
0 0.353516 0.820312 0.074219 0.085938
0 0.416016 0.859375 0.050781 0.062500
0 0.710938 0.818359 0.046875 0.042969
0 0.662109 0.896484 0.050781 0.050781
0 0.943359 0.949219 0.074219 0.070312
0 0.753906 0.939453 0.039062 0.042969
0 0.496094 0.984375 0.093750 0.031250
0 0.628906 0.947266 0.031250 0.042969
0 0.675781 0.990234 0.046875 0.019531
0 0.039062 0.656250 0.070312 0.031250
0 0.289062 0.544922 0.070312 0.050781
0 0.330078 0.886719 0.082031 0.046875
0 0.250000 0.880859 0.039062 0.035156
0 0.216797 0.847656 0.035156 0.023438
0 0.173828 0.916016 0.019531 0.027344
0 0.080078 0.976562 0.027344 0.023438
