0 0.6660159999999999 0.019531 0.058594 0.031250
0 0.7285159999999999 0.125000 0.097656 0.062500
0 0.966797 0.152344 0.058594 0.101562
0 0.527344 0.181641 0.187500 0.066406
0 0.18554700000000002 0.039062 0.121094 0.070312
0 0.12109400000000003 0.246094 0.218750 0.125000
0 0.22851600000000005 0.476562 0.175781 0.054688
0 0.919922 0.195312 0.035156 0.039062
0 0.824219 0.210938 0.054688 0.054688
0 0.8183590000000001 0.119141 0.050781 0.042969
0 0.876953 0.195312 0.035156 0.039062
0 0.6171880000000001 0.246094 0.085938 0.078125
0 0.716797 0.273438 0.136719 0.164062
0 0.716797 0.449219 0.050781 0.046875
0 0.832031 0.376953 0.039062 0.035156
0 0.576172 0.468750 0.042969 0.039062
0 0.558594 0.304688 0.039062 0.046875
0 0.5390619999999999 0.261719 0.046875 0.046875
0 0.11914100000000005 0.330078 0.035156 0.042969
0 0.05273399999999995 0.343750 0.058594 0.062500
0 0.36523399999999995 0.462891 0.050781 0.035156
0 0.058594000000000035 0.019531 0.070312 0.031250
0 0.9277340000000001 0.861328 0.074219 0.035156
0 0.753906 0.939453 0.054688 0.035156
