0 0.437500 0.023438 0.078125 0.039062
0 0.707031 0.228516 0.039062 0.035156
0 0.976562 0.308594 0.039062 0.031250
0 0.990234 0.488281 0.019531 0.031250
0 0.968750 0.699219 0.023438 0.039062
0 0.871094 0.767578 0.031250 0.042969
0 0.148438 0.949219 0.046875 0.039062
0 0.171875 0.980469 0.039062 0.039062
0 0.361328 0.394531 0.066406 0.039062
0 0.759766 0.273438 0.027344 0.031250
0 0.496094 0.503906 0.031250 0.039062
0 0.347656 0.480469 0.031250 0.039062
0 0.291016 0.943359 0.042969 0.027344
0 0.974609 0.931641 0.050781 0.058594
0 0.310547 0.009766 0.027344 0.011719
0 0.404297 0.275391 0.027344 0.027344
0 0.416016 0.220703 0.027344 0.027344
