0 0.5625 0.023438 0.078125 0.039062
0 0.29296900000000003 0.228516 0.039062 0.035156
0 0.02343799999999996 0.308594 0.039062 0.031250
0 0.009766000000000052 0.488281 0.019531 0.031250
0 0.03125 0.699219 0.023438 0.039062
0 0.12890599999999997 0.767578 0.031250 0.042969
0 0.851562 0.949219 0.046875 0.039062
0 0.828125 0.980469 0.039062 0.039062
0 0.638672 0.394531 0.066406 0.039062
0 0.24023399999999995 0.273438 0.027344 0.031250
0 0.503906 0.503906 0.031250 0.039062
0 0.652344 0.480469 0.031250 0.039062
0 0.7089840000000001 0.943359 0.042969 0.027344
0 0.025391000000000052 0.931641 0.050781 0.058594
0 0.689453 0.009766 0.027344 0.011719
0 0.595703 0.275391 0.027344 0.027344
0 0.5839840000000001 0.220703 0.027344 0.027344
