0 0.595703 0.068359 0.113281 0.128906
0 0.519531 0.236328 0.039062 0.035156
0 0.38085899999999995 0.365234 0.050781 0.042969
0 0.33203099999999997 0.482422 0.046875 0.058594
0 0.16015599999999997 0.375000 0.046875 0.046875
0 0.07421900000000003 0.507812 0.039062 0.046875
0 0.855469 0.546875 0.054688 0.085938
0 0.925781 0.695312 0.062500 0.078125
0 0.767578 0.699219 0.082031 0.062500
0 0.7597659999999999 0.783203 0.066406 0.082031
0 0.466797 0.625000 0.027344 0.031250
0 0.34375 0.708984 0.054688 0.082031
0 0.22265599999999997 0.896484 0.046875 0.042969
0 0.16601600000000005 0.738281 0.058594 0.054688
0 0.08398399999999995 0.011719 0.035156 0.015625
0 0.013672000000000017 0.060547 0.027344 0.042969
0 0.20898399999999995 0.066406 0.019531 0.031250
0 0.595703 0.765625 0.035156 0.023438
