0 0.7714840000000001 0.132812 0.074219 0.070312
0 0.705078 0.103516 0.058594 0.042969
0 0.638672 0.115234 0.042969 0.050781
0 0.902344 0.154297 0.039062 0.035156
0 0.33203099999999997 0.011719 0.039062 0.015625
0 0.28125 0.031250 0.054688 0.039062
0 0.976562 0.402344 0.039062 0.039062
0 0.794922 0.375000 0.292969 0.101562
0 0.501953 0.271484 0.152344 0.058594
0 0.47460899999999995 0.316406 0.074219 0.039062
0 0.611328 0.236328 0.082031 0.042969
0 0.392578 0.267578 0.035156 0.035156
0 0.32226600000000005 0.306641 0.042969 0.042969
0 0.23242200000000002 0.240234 0.144531 0.097656
0 0.12695299999999998 0.283203 0.027344 0.035156
0 0.03125 0.359375 0.062500 0.117188
0 0.47851600000000005 0.583984 0.207031 0.066406
0 0.882812 0.931641 0.039062 0.042969
0 0.978516 0.537109 0.035156 0.035156
0 0.49218799999999996 0.900391 0.039062 0.042969
0 0.392578 0.169922 0.050781 0.050781
0 0.326172 0.193359 0.035156 0.027344
0 0.6816409999999999 0.685547 0.019531 0.027344
