0 0.951172 0.099609 0.035156 0.035156
0 0.564453 0.333984 0.042969 0.035156
0 0.34375 0.251953 0.031250 0.035156
0 0.41210899999999995 0.492188 0.066406 0.093750
0 0.10742200000000002 0.052734 0.042969 0.035156
0 0.19726600000000005 0.234375 0.027344 0.031250
0 0.13085899999999995 0.312500 0.027344 0.031250
0 0.867188 0.521484 0.015625 0.035156
0 0.972656 0.412109 0.023438 0.027344
0 0.876953 0.212891 0.027344 0.027344
0 0.5097659999999999 0.677734 0.019531 0.027344
0 0.18164100000000005 0.902344 0.019531 0.015625
