0 0.148438 0.033203 0.054688 0.035156
0 0.226562 0.097656 0.046875 0.039062
0 0.361328 0.138672 0.035156 0.027344
0 0.542969 0.037109 0.039062 0.042969
0 0.447266 0.105469 0.136719 0.054688
0 0.468750 0.302734 0.039062 0.035156
0 0.431641 0.351562 0.035156 0.039062
0 0.517578 0.404297 0.121094 0.105469
0 0.628906 0.406250 0.031250 0.031250
0 0.042969 0.736328 0.031250 0.035156
0 0.144531 0.660156 0.085938 0.062500
0 0.148438 0.724609 0.054688 0.050781
0 0.222656 0.724609 0.054688 0.066406
0 0.273438 0.787109 0.070312 0.050781
0 0.601562 0.808594 0.023438 0.023438
0 0.529297 0.945312 0.027344 0.031250
0 0.970703 0.623047 0.042969 0.058594
