0 0.851562 0.033203 0.054688 0.035156
0 0.773438 0.097656 0.046875 0.039062
0 0.638672 0.138672 0.035156 0.027344
0 0.45703099999999997 0.037109 0.039062 0.042969
0 0.5527340000000001 0.105469 0.136719 0.054688
0 0.53125 0.302734 0.039062 0.035156
0 0.5683590000000001 0.351562 0.035156 0.039062
0 0.482422 0.404297 0.121094 0.105469
0 0.37109400000000003 0.406250 0.031250 0.031250
0 0.957031 0.736328 0.031250 0.035156
0 0.855469 0.660156 0.085938 0.062500
0 0.851562 0.724609 0.054688 0.050781
0 0.777344 0.724609 0.054688 0.066406
0 0.7265619999999999 0.787109 0.070312 0.050781
0 0.39843799999999996 0.808594 0.023438 0.023438
0 0.470703 0.945312 0.027344 0.031250
0 0.029297000000000017 0.623047 0.042969 0.058594
