0 0.042969000000000035 0.427734 0.062500 0.042969
0 0.12890599999999997 0.464844 0.031250 0.039062
0 0.140625 0.314453 0.125000 0.207031
0 0.9160159999999999 0.490234 0.042969 0.035156
0 0.783203 0.222656 0.058594 0.085938
0 0.30859400000000003 0.732422 0.078125 0.074219
0 0.851562 0.763672 0.039062 0.042969
0 0.964844 0.667969 0.062500 0.046875
0 0.9121090000000001 0.871094 0.042969 0.039062
0 0.9003909999999999 0.968750 0.144531 0.062500
0 0.9472659999999999 0.363281 0.042969 0.039062
0 0.785156 0.341797 0.039062 0.035156
0 0.851562 0.228516 0.023438 0.027344
0 0.6660159999999999 0.267578 0.042969 0.089844
0 0.6972659999999999 0.375000 0.074219 0.070312
0 0.5878909999999999 0.406250 0.113281 0.062500
0 0.560547 0.316406 0.113281 0.101562
0 0.41796900000000003 0.345703 0.179688 0.214844
0 0.22265599999999997 0.115234 0.023438 0.027344
0 0.765625 0.546875 0.023438 0.031250
0 0.71875 0.507812 0.015625 0.031250
0 0.03320299999999998 0.566406 0.027344 0.023438
