0 0.205078 0.316406 0.089844 0.054688
0 0.376953 0.494141 0.113281 0.066406
0 0.921875 0.451172 0.156250 0.089844
0 0.529297 0.250000 0.042969 0.031250
0 0.513672 0.339844 0.128906 0.046875
0 0.494141 0.373047 0.050781 0.050781
0 0.164062 0.033203 0.046875 0.035156
0 0.804688 0.210938 0.039062 0.046875
0 0.722656 0.044922 0.148438 0.058594
0 0.335938 0.099609 0.039062 0.035156
0 0.455078 0.173828 0.035156 0.042969
0 0.287109 0.369141 0.027344 0.035156
0 0.033203 0.226562 0.050781 0.054688
0 0.640625 0.804688 0.039062 0.039062
0 0.671875 0.136719 0.062500 0.046875
0 0.734375 0.218750 0.046875 0.031250
