0 0.857422 0.322266 0.058594 0.050781
0 0.21679700000000002 0.976562 0.074219 0.046875
0 0.810547 0.015625 0.042969 0.023438
0 0.9375 0.425781 0.039062 0.039062
0 0.47460899999999995 0.505859 0.042969 0.042969
0 0.234375 0.701172 0.031250 0.035156
0 0.5371090000000001 0.771484 0.027344 0.027344
0 0.373047 0.861328 0.074219 0.066406
0 0.22851600000000005 0.378906 0.074219 0.062500
0 0.09960899999999995 0.281250 0.035156 0.015625
0 0.535156 0.875000 0.023438 0.039062
0 0.96875 0.574219 0.031250 0.046875
0 0.945312 0.074219 0.039062 0.023438
0 0.6777340000000001 0.099609 0.027344 0.027344
0 0.796875 0.111328 0.023438 0.027344
0 0.75 0.011719 0.031250 0.015625
0 0.974609 0.363281 0.019531 0.023438
0 0.949219 0.353516 0.015625 0.019531
0 0.46875 0.279297 0.039062 0.019531
0 0.720703 0.505859 0.027344 0.027344
0 0.908203 0.107422 0.027344 0.027344
0 0.839844 0.388672 0.031250 0.019531
