0 0.470703 0.587891 0.058594 0.066406
0 0.5371090000000001 0.636719 0.050781 0.039062
0 0.6933590000000001 0.611328 0.035156 0.027344
0 0.9375 0.337891 0.054688 0.050781
0 0.792969 0.605469 0.039062 0.031250
0 0.917969 0.404297 0.031250 0.027344
0 0.798828 0.091797 0.035156 0.042969
0 0.39843799999999996 0.052734 0.023438 0.027344
0 0.34960899999999995 0.162109 0.058594 0.035156
0 0.30859400000000003 0.658203 0.054688 0.035156
0 0.75 0.955078 0.039062 0.027344
0 0.714844 0.988281 0.031250 0.023438
0 0.408203 0.826172 0.035156 0.050781
0 0.816406 0.466797 0.031250 0.019531
0 0.15234400000000003 0.949219 0.023438 0.023438
0 0.558594 0.230469 0.031250 0.023438
