0 0.687500 0.337891 0.054688 0.050781
0 0.449219 0.468750 0.039062 0.031250
0 0.750000 0.953125 0.039062 0.093750
0 0.847656 0.660156 0.031250 0.039062
0 0.673828 0.414062 0.035156 0.046875
0 0.464844 0.382812 0.023438 0.023438
0 0.349609 0.390625 0.019531 0.023438
0 0.451172 0.423828 0.027344 0.027344
0 0.119141 0.580078 0.027344 0.019531
0 0.146484 0.562500 0.027344 0.015625
0 0.849609 0.199219 0.019531 0.015625
0 0.818359 0.626953 0.019531 0.027344
0 0.058594 0.714844 0.031250 0.023438
0 0.490234 0.617188 0.027344 0.023438
0 0.406250 0.990234 0.031250 0.019531
