0 0.3125 0.337891 0.054688 0.050781
0 0.550781 0.468750 0.039062 0.031250
0 0.25 0.953125 0.039062 0.093750
0 0.15234400000000003 0.660156 0.031250 0.039062
0 0.326172 0.414062 0.035156 0.046875
0 0.535156 0.382812 0.023438 0.023438
0 0.6503909999999999 0.390625 0.019531 0.023438
0 0.548828 0.423828 0.027344 0.027344
0 0.8808590000000001 0.580078 0.027344 0.019531
0 0.8535159999999999 0.562500 0.027344 0.015625
0 0.15039100000000005 0.199219 0.019531 0.015625
0 0.18164100000000005 0.626953 0.019531 0.027344
0 0.941406 0.714844 0.031250 0.023438
0 0.5097659999999999 0.617188 0.027344 0.023438
0 0.59375 0.990234 0.031250 0.019531
