0 0.974609 0.060547 0.042969 0.105469
0 0.75 0.365234 0.054688 0.058594
0 0.8535159999999999 0.343750 0.019531 0.023438
0 0.9316409999999999 0.886719 0.082031 0.070312
0 0.24414100000000005 0.105469 0.027344 0.031250
0 0.11914100000000005 0.113281 0.042969 0.031250
0 0.07617200000000002 0.132812 0.027344 0.031250
0 0.08593799999999996 0.208984 0.039062 0.035156
0 0.017577999999999983 0.330078 0.027344 0.027344
0 0.283203 0.470703 0.035156 0.027344
0 0.484375 0.521484 0.031250 0.027344
0 0.361328 0.791016 0.066406 0.058594
0 0.05273399999999995 0.259766 0.027344 0.019531
0 0.283203 0.421875 0.019531 0.023438
0 0.24609400000000003 0.902344 0.031250 0.023438
