0 0.025391 0.060547 0.042969 0.105469
0 0.250000 0.365234 0.054688 0.058594
0 0.146484 0.343750 0.019531 0.023438
0 0.068359 0.886719 0.082031 0.070312
0 0.755859 0.105469 0.027344 0.031250
0 0.880859 0.113281 0.042969 0.031250
0 0.923828 0.132812 0.027344 0.031250
0 0.914062 0.208984 0.039062 0.035156
0 0.982422 0.330078 0.027344 0.027344
0 0.716797 0.470703 0.035156 0.027344
0 0.515625 0.521484 0.031250 0.027344
0 0.638672 0.791016 0.066406 0.058594
0 0.947266 0.259766 0.027344 0.019531
0 0.716797 0.421875 0.019531 0.023438
0 0.753906 0.902344 0.031250 0.023438
