0 0.84375 0.025391 0.296875 0.042969
0 0.626953 0.093750 0.050781 0.039062
0 0.40625 0.138672 0.031250 0.027344
0 0.953125 0.593750 0.085938 0.164062
0 0.8183590000000001 0.513672 0.074219 0.082031
0 0.7441409999999999 0.505859 0.050781 0.050781
0 0.767578 0.685547 0.160156 0.097656
0 0.636719 0.675781 0.062500 0.054688
0 0.982422 0.861328 0.027344 0.074219
0 0.847656 0.945312 0.171875 0.109375
0 0.800781 0.324219 0.046875 0.046875
0 0.644531 0.406250 0.031250 0.031250
0 0.125 0.964844 0.031250 0.039062
0 0.517578 0.675781 0.035156 0.031250
0 0.845703 0.587891 0.042969 0.027344
0 0.451172 0.761719 0.027344 0.031250
0 0.373047 0.191406 0.019531 0.031250
0 0.011719000000000035 0.167969 0.023438 0.023438
0 0.17968799999999996 0.279297 0.015625 0.019531
0 0.544922 0.947266 0.027344 0.019531
0 0.19921900000000003 0.937500 0.031250 0.039062
0 0.689453 0.535156 0.035156 0.023438
0 0.390625 0.246094 0.039062 0.023438
0 0.15820299999999998 0.232422 0.027344 0.027344
0 0.16992200000000002 0.810547 0.042969 0.027344
0 0.04882799999999998 0.859375 0.019531 0.023438
