0 0.156250 0.025391 0.296875 0.042969
0 0.373047 0.093750 0.050781 0.039062
0 0.593750 0.138672 0.031250 0.027344
0 0.046875 0.593750 0.085938 0.164062
0 0.181641 0.513672 0.074219 0.082031
0 0.255859 0.505859 0.050781 0.050781
0 0.232422 0.685547 0.160156 0.097656
0 0.363281 0.675781 0.062500 0.054688
0 0.017578 0.861328 0.027344 0.074219
0 0.152344 0.945312 0.171875 0.109375
0 0.199219 0.324219 0.046875 0.046875
0 0.355469 0.406250 0.031250 0.031250
0 0.875000 0.964844 0.031250 0.039062
0 0.482422 0.675781 0.035156 0.031250
0 0.154297 0.587891 0.042969 0.027344
0 0.548828 0.761719 0.027344 0.031250
0 0.626953 0.191406 0.019531 0.031250
0 0.988281 0.167969 0.023438 0.023438
0 0.820312 0.279297 0.015625 0.019531
0 0.455078 0.947266 0.027344 0.019531
0 0.800781 0.937500 0.031250 0.039062
0 0.310547 0.535156 0.035156 0.023438
0 0.609375 0.246094 0.039062 0.023438
0 0.841797 0.232422 0.027344 0.027344
0 0.830078 0.810547 0.042969 0.027344
0 0.951172 0.859375 0.019531 0.023438
