0 0.7421880000000001 0.021484 0.226562 0.035156
0 0.769531 0.080078 0.093750 0.074219
0 0.826172 0.607422 0.035156 0.035156
0 0.41796900000000003 0.431641 0.179688 0.128906
0 0.44726600000000005 0.210938 0.058594 0.070312
0 0.34960899999999995 0.300781 0.050781 0.054688
0 0.373047 0.207031 0.027344 0.023438
0 0.22460899999999995 0.437500 0.058594 0.054688
0 0.03125 0.398438 0.046875 0.039062
0 0.15429700000000002 0.556641 0.214844 0.105469
0 0.03320299999999998 0.472656 0.027344 0.046875
0 0.7089840000000001 0.394531 0.050781 0.054688
0 0.640625 0.130859 0.125000 0.113281
0 0.46289100000000005 0.132812 0.019531 0.031250
0 0.19726600000000005 0.138672 0.027344 0.035156
0 0.30468799999999996 0.615234 0.023438 0.027344
0 0.47851600000000005 0.597656 0.019531 0.023438
0 0.439453 0.652344 0.027344 0.023438
0 0.373047 0.681641 0.019531 0.027344
0 0.972656 0.458984 0.023438 0.019531
0 0.960938 0.517578 0.015625 0.027344
0 0.816406 0.708984 0.031250 0.027344
0 0.8964840000000001 0.685547 0.050781 0.027344
0 0.34765599999999997 0.183594 0.023438 0.015625
