0 0.257812 0.021484 0.226562 0.035156
0 0.230469 0.080078 0.093750 0.074219
0 0.173828 0.607422 0.035156 0.035156
0 0.582031 0.431641 0.179688 0.128906
0 0.552734 0.210938 0.058594 0.070312
0 0.650391 0.300781 0.050781 0.054688
0 0.626953 0.207031 0.027344 0.023438
0 0.775391 0.437500 0.058594 0.054688
0 0.968750 0.398438 0.046875 0.039062
0 0.845703 0.556641 0.214844 0.105469
0 0.966797 0.472656 0.027344 0.046875
0 0.291016 0.394531 0.050781 0.054688
0 0.359375 0.130859 0.125000 0.113281
0 0.537109 0.132812 0.019531 0.031250
0 0.802734 0.138672 0.027344 0.035156
0 0.695312 0.615234 0.023438 0.027344
0 0.521484 0.597656 0.019531 0.023438
0 0.560547 0.652344 0.027344 0.023438
0 0.626953 0.681641 0.019531 0.027344
0 0.027344 0.458984 0.023438 0.019531
0 0.039062 0.517578 0.015625 0.027344
0 0.183594 0.708984 0.031250 0.027344
0 0.103516 0.685547 0.050781 0.027344
0 0.652344 0.183594 0.023438 0.015625
