0 0.8183590000000001 0.064453 0.355469 0.121094
0 0.44335899999999995 0.015625 0.050781 0.023438
0 0.5996090000000001 0.347656 0.128906 0.054688
0 0.029297000000000017 0.189453 0.042969 0.050781
0 0.07421900000000003 0.488281 0.062500 0.062500
0 0.14453099999999997 0.947266 0.257812 0.105469
0 0.03710899999999995 0.875000 0.050781 0.046875
0 0.326172 0.515625 0.050781 0.046875
0 0.925781 0.494141 0.062500 0.074219
0 0.769531 0.869141 0.281250 0.207031
0 0.5371090000000001 0.859375 0.027344 0.062500
0 0.09570299999999998 0.142578 0.035156 0.027344
0 0.910156 0.363281 0.023438 0.023438
0 0.5527340000000001 0.138672 0.035156 0.027344
0 0.6484380000000001 0.427734 0.023438 0.027344
0 0.673828 0.224609 0.027344 0.027344
0 0.582031 0.218750 0.023438 0.015625
0 0.5839840000000001 0.166016 0.019531 0.019531
0 0.5234380000000001 0.177734 0.023438 0.027344
0 0.361328 0.017578 0.027344 0.019531
0 0.32031200000000004 0.062500 0.023438 0.023438
0 0.14843799999999996 0.142578 0.015625 0.035156
0 0.34765599999999997 0.595703 0.046875 0.035156
0 0.22851600000000005 0.509766 0.050781 0.058594
0 0.26171900000000003 0.566406 0.031250 0.046875
0 0.19726600000000005 0.578125 0.035156 0.031250
0 0.21875 0.658203 0.015625 0.019531
0 0.125 0.648438 0.039062 0.031250
0 0.12109400000000003 0.734375 0.031250 0.046875
0 0.07617200000000002 0.835938 0.035156 0.023438
0 0.908203 0.144531 0.027344 0.031250
0 0.482422 0.847656 0.035156 0.039062
0 0.33984400000000003 0.720703 0.031250 0.027344
0 0.732422 0.552734 0.042969 0.027344
0 0.910156 0.232422 0.023438 0.027344
0 0.408203 0.476562 0.019531 0.023438
