0 0.181641 0.064453 0.355469 0.121094
0 0.556641 0.015625 0.050781 0.023438
0 0.400391 0.347656 0.128906 0.054688
0 0.970703 0.189453 0.042969 0.050781
0 0.925781 0.488281 0.062500 0.062500
0 0.855469 0.947266 0.257812 0.105469
0 0.962891 0.875000 0.050781 0.046875
0 0.673828 0.515625 0.050781 0.046875
0 0.074219 0.494141 0.062500 0.074219
0 0.230469 0.869141 0.281250 0.207031
0 0.462891 0.859375 0.027344 0.062500
0 0.904297 0.142578 0.035156 0.027344
0 0.089844 0.363281 0.023438 0.023438
0 0.447266 0.138672 0.035156 0.027344
0 0.351562 0.427734 0.023438 0.027344
0 0.326172 0.224609 0.027344 0.027344
0 0.417969 0.218750 0.023438 0.015625
0 0.416016 0.166016 0.019531 0.019531
0 0.476562 0.177734 0.023438 0.027344
0 0.638672 0.017578 0.027344 0.019531
0 0.679688 0.062500 0.023438 0.023438
0 0.851562 0.142578 0.015625 0.035156
0 0.652344 0.595703 0.046875 0.035156
0 0.771484 0.509766 0.050781 0.058594
0 0.738281 0.566406 0.031250 0.046875
0 0.802734 0.578125 0.035156 0.031250
0 0.781250 0.658203 0.015625 0.019531
0 0.875000 0.648438 0.039062 0.031250
0 0.878906 0.734375 0.031250 0.046875
0 0.923828 0.835938 0.035156 0.023438
0 0.091797 0.144531 0.027344 0.031250
0 0.517578 0.847656 0.035156 0.039062
0 0.660156 0.720703 0.031250 0.027344
0 0.267578 0.552734 0.042969 0.027344
0 0.089844 0.232422 0.023438 0.027344
0 0.591797 0.476562 0.019531 0.023438
