0 0.029297 0.191406 0.042969 0.054688
0 0.097656 0.113281 0.046875 0.039062
0 0.160156 0.148438 0.062500 0.054688
0 0.269531 0.306641 0.039062 0.042969
0 0.300781 0.361328 0.062500 0.050781
0 0.712891 0.017578 0.042969 0.027344
0 0.621094 0.832031 0.062500 0.062500
0 0.224609 0.642578 0.050781 0.035156
0 0.093750 0.466797 0.054688 0.058594
0 0.730469 0.958984 0.101562 0.066406
0 0.814453 0.896484 0.113281 0.089844
0 0.222656 0.816406 0.031250 0.039062
0 0.068359 0.542969 0.066406 0.039062
0 0.455078 0.726562 0.042969 0.039062
0 0.884766 0.769531 0.035156 0.046875
0 0.673828 0.650391 0.042969 0.035156
0 0.056641 0.822266 0.035156 0.035156
0 0.052734 0.728516 0.050781 0.027344
0 0.251953 0.744141 0.042969 0.035156
0 0.238281 0.562500 0.039062 0.046875
0 0.720703 0.236328 0.042969 0.042969
0 0.119141 0.710938 0.027344 0.023438
0 0.093750 0.650391 0.031250 0.019531
0 0.031250 0.615234 0.046875 0.019531
0 0.806641 0.341797 0.019531 0.019531
0 0.986328 0.398438 0.019531 0.023438
