0 0.970703 0.191406 0.042969 0.054688
0 0.902344 0.113281 0.046875 0.039062
0 0.839844 0.148438 0.062500 0.054688
0 0.730469 0.306641 0.039062 0.042969
0 0.699219 0.361328 0.062500 0.050781
0 0.28710899999999995 0.017578 0.042969 0.027344
0 0.37890599999999997 0.832031 0.062500 0.062500
0 0.7753909999999999 0.642578 0.050781 0.035156
0 0.90625 0.466797 0.054688 0.058594
0 0.26953099999999997 0.958984 0.101562 0.066406
0 0.18554700000000002 0.896484 0.113281 0.089844
0 0.777344 0.816406 0.031250 0.039062
0 0.9316409999999999 0.542969 0.066406 0.039062
0 0.544922 0.726562 0.042969 0.039062
0 0.11523399999999995 0.769531 0.035156 0.046875
0 0.326172 0.650391 0.042969 0.035156
0 0.9433590000000001 0.822266 0.035156 0.035156
0 0.9472659999999999 0.728516 0.050781 0.027344
0 0.748047 0.744141 0.042969 0.035156
0 0.761719 0.562500 0.039062 0.046875
0 0.279297 0.236328 0.042969 0.042969
0 0.8808590000000001 0.710938 0.027344 0.023438
0 0.90625 0.650391 0.031250 0.019531
0 0.96875 0.615234 0.046875 0.019531
0 0.19335899999999995 0.341797 0.019531 0.019531
0 0.013672000000000017 0.398438 0.019531 0.023438
