0 0.152344 0.560547 0.140625 0.121094
0 0.781250 0.574219 0.078125 0.085938
0 0.623047 0.490234 0.089844 0.074219
0 0.708984 0.531250 0.082031 0.078125
0 0.562500 0.542969 0.039062 0.039062
0 0.642578 0.560547 0.042969 0.050781
0 0.958984 0.621094 0.074219 0.046875
0 0.919922 0.677734 0.050781 0.058594
0 0.982422 0.703125 0.035156 0.062500
0 0.449219 0.644531 0.062500 0.046875
0 0.707031 0.759766 0.109375 0.128906
0 0.292969 0.431641 0.070312 0.105469
0 0.039062 0.400391 0.054688 0.050781
0 0.236328 0.019531 0.097656 0.031250
0 0.292969 0.058594 0.046875 0.054688
0 0.703125 0.160156 0.039062 0.062500
0 0.742188 0.150391 0.046875 0.066406
0 0.410156 0.507812 0.062500 0.054688
0 0.984375 0.558594 0.031250 0.062500
0 0.833984 0.449219 0.089844 0.070312
0 0.119141 0.031250 0.050781 0.046875
0 0.886719 0.240234 0.046875 0.050781
0 0.722656 0.984375 0.046875 0.031250
0 0.187500 0.984375 0.039062 0.031250
