0 0.109375 0.078125 0.054688 0.070312
0 0.128906 0.210938 0.101562 0.078125
0 0.191406 0.263672 0.046875 0.050781
0 0.324219 0.228516 0.054688 0.074219
0 0.767578 0.169922 0.128906 0.113281
0 0.947266 0.251953 0.089844 0.105469
0 0.683594 0.449219 0.085938 0.070312
0 0.197266 0.601562 0.082031 0.039062
0 0.031250 0.375000 0.054688 0.046875
0 0.015625 0.431641 0.023438 0.035156
0 0.582031 0.626953 0.046875 0.042969
0 0.037109 0.677734 0.035156 0.027344
0 0.126953 0.800781 0.035156 0.031250
0 0.103516 0.875000 0.035156 0.031250
0 0.066406 0.921875 0.046875 0.023438
0 0.980469 0.781250 0.039062 0.054688
0 0.666016 0.283203 0.042969 0.035156
0 0.783203 0.912109 0.042969 0.042969
0 0.601562 0.484375 0.023438 0.039062
0 0.910156 0.474609 0.023438 0.027344
0 0.341797 0.554688 0.027344 0.023438
0 0.439453 0.623047 0.027344 0.019531
0 0.326172 0.767578 0.027344 0.027344
0 0.367188 0.792969 0.023438 0.023438
0 0.396484 0.808594 0.011719 0.031250
0 0.259766 0.861328 0.019531 0.027344
0 0.119141 0.982422 0.019531 0.027344
0 0.140625 0.015625 0.031250 0.015625
