0 0.9628909999999999 0.244141 0.066406 0.121094
0 0.892578 0.398438 0.042969 0.046875
0 0.826172 0.384766 0.035156 0.050781
0 0.10546900000000003 0.097656 0.039062 0.039062
0 0.794922 0.962891 0.113281 0.074219
0 0.546875 0.230469 0.093750 0.078125
0 0.46093799999999996 0.068359 0.179688 0.128906
0 0.30078099999999997 0.054688 0.101562 0.101562
0 0.24218799999999996 0.332031 0.039062 0.031250
0 0.33593799999999996 0.515625 0.062500 0.070312
0 0.20507799999999998 0.638672 0.230469 0.152344
0 0.792969 0.039062 0.046875 0.046875
0 0.7402340000000001 0.023438 0.042969 0.039062
0 0.669922 0.306641 0.035156 0.050781
0 0.29101600000000005 0.421875 0.050781 0.046875
0 0.03320299999999998 0.814453 0.035156 0.042969
0 0.902344 0.613281 0.046875 0.023438
0 0.972656 0.765625 0.023438 0.023438
0 0.49218799999999996 0.861328 0.039062 0.027344
0 0.484375 0.269531 0.015625 0.023438
0 0.23242200000000002 0.042969 0.027344 0.031250
0 0.59375 0.148438 0.031250 0.023438
0 0.576172 0.041016 0.027344 0.027344
