0 0.810547 0.250000 0.167969 0.218750
0 0.8808590000000001 0.058594 0.050781 0.023438
0 0.851562 0.023438 0.054688 0.031250
0 0.48046900000000003 0.355469 0.046875 0.039062
0 0.16406200000000004 0.425781 0.046875 0.046875
0 0.24023399999999995 0.617188 0.042969 0.046875
0 0.18554700000000002 0.701172 0.042969 0.144531
0 0.41015599999999997 0.619141 0.195312 0.238281
0 0.673828 0.603516 0.035156 0.050781
0 0.904297 0.513672 0.027344 0.035156
0 0.7246090000000001 0.582031 0.035156 0.023438
0 0.30664100000000005 0.109375 0.269531 0.210938
0 0.16210899999999995 0.263672 0.035156 0.035156
0 0.9375 0.792969 0.039062 0.039062
0 0.820312 0.638672 0.046875 0.042969
0 0.8027340000000001 0.466797 0.027344 0.035156
0 0.591797 0.222656 0.035156 0.046875
0 0.535156 0.222656 0.031250 0.031250
0 0.789062 0.089844 0.039062 0.046875
0 0.9589840000000001 0.181641 0.027344 0.027344
0 0.660156 0.708984 0.031250 0.027344
0 0.560547 0.433594 0.027344 0.039062
0 0.6953119999999999 0.746094 0.031250 0.023438
0 0.71875 0.777344 0.023438 0.023438
0 0.6035159999999999 0.728516 0.027344 0.035156
