0 0.269531 0.396484 0.031250 0.035156
0 0.343750 0.427734 0.039062 0.035156
0 0.375000 0.517578 0.039062 0.042969
0 0.462891 0.519531 0.042969 0.031250
0 0.529297 0.513672 0.066406 0.042969
0 0.156250 0.697266 0.039062 0.035156
0 0.585938 0.718750 0.039062 0.031250
0 0.152344 0.849609 0.156250 0.097656
0 0.191406 0.222656 0.078125 0.070312
0 0.222656 0.148438 0.070312 0.070312
0 0.291016 0.119141 0.066406 0.042969
0 0.748047 0.255859 0.035156 0.042969
0 0.464844 0.142578 0.031250 0.042969
0 0.503906 0.257812 0.023438 0.023438
0 0.640625 0.285156 0.023438 0.031250
0 0.808594 0.208984 0.023438 0.019531
0 0.949219 0.207031 0.023438 0.023438
