0 0.730469 0.396484 0.031250 0.035156
0 0.65625 0.427734 0.039062 0.035156
0 0.625 0.517578 0.039062 0.042969
0 0.5371090000000001 0.519531 0.042969 0.031250
0 0.470703 0.513672 0.066406 0.042969
0 0.84375 0.697266 0.039062 0.035156
0 0.41406200000000004 0.718750 0.039062 0.031250
0 0.847656 0.849609 0.156250 0.097656
0 0.808594 0.222656 0.078125 0.070312
0 0.777344 0.148438 0.070312 0.070312
0 0.7089840000000001 0.119141 0.066406 0.042969
0 0.251953 0.255859 0.035156 0.042969
0 0.535156 0.142578 0.031250 0.042969
0 0.49609400000000003 0.257812 0.023438 0.023438
0 0.359375 0.285156 0.023438 0.031250
0 0.19140599999999997 0.208984 0.023438 0.019531
0 0.050780999999999965 0.207031 0.023438 0.023438
