0 0.644531 0.021484 0.031250 0.035156
0 0.5234380000000001 0.076172 0.054688 0.042969
0 0.5371090000000001 0.017578 0.050781 0.027344
0 0.45898399999999995 0.025391 0.035156 0.042969
0 0.283203 0.250000 0.027344 0.046875
0 0.21875 0.230469 0.039062 0.046875
0 0.06640599999999997 0.265625 0.039062 0.039062
0 0.17382799999999998 0.398438 0.042969 0.046875
0 0.07226600000000005 0.500000 0.035156 0.039062
0 0.19726600000000005 0.478516 0.082031 0.058594
0 0.24804700000000002 0.544922 0.089844 0.066406
0 0.27343799999999996 0.382812 0.054688 0.039062
0 0.279297 0.767578 0.042969 0.058594
0 0.8964840000000001 0.320312 0.019531 0.031250
0 0.046875 0.785156 0.039062 0.062500
0 0.357422 0.664062 0.027344 0.023438
0 0.41601600000000005 0.796875 0.035156 0.046875
0 0.9121090000000001 0.080078 0.035156 0.050781
0 0.751953 0.060547 0.035156 0.050781
0 0.808594 0.355469 0.039062 0.031250
0 0.953125 0.513672 0.031250 0.035156
0 0.902344 0.617188 0.031250 0.031250
0 0.876953 0.751953 0.035156 0.027344
0 0.0625 0.654297 0.023438 0.027344
0 0.808594 0.687500 0.031250 0.023438
0 0.5722659999999999 0.328125 0.019531 0.023438
0 0.578125 0.607422 0.023438 0.019531
0 0.597656 0.636719 0.023438 0.015625
0 0.558594 0.755859 0.023438 0.027344
0 0.7402340000000001 0.658203 0.019531 0.027344
