0 0.9433590000000001 0.285156 0.058594 0.062500
0 0.871094 0.027344 0.046875 0.046875
0 0.845703 0.060547 0.035156 0.027344
0 0.23828099999999997 0.058594 0.140625 0.109375
0 0.941406 0.644531 0.031250 0.039062
0 0.820312 0.814453 0.039062 0.035156
0 0.675781 0.976562 0.046875 0.039062
0 0.33203099999999997 0.416016 0.054688 0.058594
0 0.027344000000000035 0.968750 0.054688 0.062500
0 0.96875 0.937500 0.031250 0.039062
0 0.720703 0.560547 0.027344 0.035156
0 0.12695299999999998 0.697266 0.027344 0.027344
0 0.23242200000000002 0.714844 0.035156 0.031250
0 0.19726600000000005 0.847656 0.035156 0.031250
