0 0.056641 0.285156 0.058594 0.062500
0 0.128906 0.027344 0.046875 0.046875
0 0.154297 0.060547 0.035156 0.027344
0 0.761719 0.058594 0.140625 0.109375
0 0.058594 0.644531 0.031250 0.039062
0 0.179688 0.814453 0.039062 0.035156
0 0.324219 0.976562 0.046875 0.039062
0 0.667969 0.416016 0.054688 0.058594
0 0.972656 0.968750 0.054688 0.062500
0 0.031250 0.937500 0.031250 0.039062
0 0.279297 0.560547 0.027344 0.035156
0 0.873047 0.697266 0.027344 0.027344
0 0.767578 0.714844 0.035156 0.031250
0 0.802734 0.847656 0.035156 0.031250
