0 0.871094 0.216797 0.031250 0.035156
0 0.888672 0.601562 0.035156 0.046875
0 0.7089840000000001 0.648438 0.027344 0.039062
0 0.44921900000000003 0.328125 0.039062 0.031250
0 0.24414100000000005 0.144531 0.035156 0.039062
0 0.05468799999999996 0.451172 0.039062 0.035156
0 0.625 0.710938 0.039062 0.046875
0 0.421875 0.593750 0.031250 0.039062
0 0.863281 0.859375 0.023438 0.031250
0 0.32031200000000004 0.255859 0.039062 0.035156
0 0.6796880000000001 0.193359 0.023438 0.035156
0 0.832031 0.632812 0.023438 0.031250
0 0.419922 0.630859 0.035156 0.035156
0 0.015625 0.138672 0.031250 0.035156
0 0.38476600000000005 0.785156 0.027344 0.031250
0 0.38476600000000005 0.730469 0.019531 0.046875
0 0.589844 0.326172 0.031250 0.027344
0 0.7089840000000001 0.771484 0.050781 0.042969
0 0.003905999999999965 0.605469 0.007812 0.023438
0 0.890625 0.882812 0.023438 0.023438
