0 0.529297 0.111328 0.035156 0.027344
0 0.386719 0.410156 0.039062 0.039062
0 0.441406 0.236328 0.031250 0.035156
0 0.609375 0.222656 0.031250 0.039062
0 0.162109 0.335938 0.042969 0.031250
0 0.078125 0.292969 0.031250 0.031250
0 0.853516 0.476562 0.035156 0.039062
0 0.832031 0.404297 0.039062 0.035156
0 0.544922 0.599609 0.035156 0.035156
0 0.611328 0.568359 0.027344 0.035156
0 0.515625 0.722656 0.031250 0.039062
0 0.576172 0.634766 0.042969 0.035156
0 0.667969 0.716797 0.023438 0.027344
0 0.812500 0.558594 0.039062 0.039062
0 0.896484 0.521484 0.027344 0.035156
0 0.425781 0.839844 0.031250 0.031250
0 0.287109 0.580078 0.042969 0.050781
0 0.029297 0.818359 0.019531 0.019531
