0 0.470703 0.111328 0.035156 0.027344
0 0.613281 0.410156 0.039062 0.039062
0 0.558594 0.236328 0.031250 0.035156
0 0.390625 0.222656 0.031250 0.039062
0 0.8378909999999999 0.335938 0.042969 0.031250
0 0.921875 0.292969 0.031250 0.031250
0 0.14648399999999995 0.476562 0.035156 0.039062
0 0.16796900000000003 0.404297 0.039062 0.035156
0 0.455078 0.599609 0.035156 0.035156
0 0.388672 0.568359 0.027344 0.035156
0 0.484375 0.722656 0.031250 0.039062
0 0.423828 0.634766 0.042969 0.035156
0 0.33203099999999997 0.716797 0.023438 0.027344
0 0.1875 0.558594 0.039062 0.039062
0 0.10351600000000005 0.521484 0.027344 0.035156
0 0.574219 0.839844 0.031250 0.031250
0 0.7128909999999999 0.580078 0.042969 0.050781
0 0.970703 0.818359 0.019531 0.019531
