0 0.6035159999999999 0.013672 0.058594 0.019531
0 0.949219 0.748047 0.093750 0.089844
0 0.976562 0.654297 0.039062 0.042969
0 0.625 0.689453 0.070312 0.050781
0 0.71875 0.779297 0.046875 0.058594
0 0.660156 0.839844 0.046875 0.054688
0 0.535156 0.531250 0.078125 0.070312
0 0.5996090000000001 0.521484 0.050781 0.042969
0 0.6933590000000001 0.488281 0.035156 0.039062
0 0.21093799999999996 0.087891 0.078125 0.058594
0 0.22265599999999997 0.140625 0.054688 0.054688
0 0.25585899999999995 0.244141 0.144531 0.144531
0 0.12304700000000002 0.212891 0.066406 0.058594
0 0.38671900000000003 0.052734 0.078125 0.058594
0 0.38671900000000003 0.177734 0.039062 0.050781
0 0.021483999999999948 0.195312 0.042969 0.054688
0 0.013672000000000017 0.023438 0.027344 0.039062
0 0.13476600000000005 0.642578 0.152344 0.089844
0 0.03320299999999998 0.677734 0.066406 0.105469
0 0.328125 0.792969 0.039062 0.046875
0 0.28125 0.812500 0.039062 0.054688
0 0.12109400000000003 0.882812 0.109375 0.078125
0 0.23632799999999998 0.937500 0.207031 0.125000
0 0.283203 0.392578 0.066406 0.050781
0 0.263672 0.529297 0.050781 0.050781
0 0.41796900000000003 0.343750 0.039062 0.054688
0 0.845703 0.582031 0.035156 0.031250
0 0.820312 0.083984 0.039062 0.035156
0 0.498047 0.630859 0.042969 0.042969
0 0.49218799999999996 0.123047 0.054688 0.066406
0 0.498047 0.978516 0.058594 0.042969
0 0.16406200000000004 0.736328 0.046875 0.058594
0 0.671875 0.150391 0.031250 0.042969
0 0.933594 0.494141 0.031250 0.019531
