0 0.396484 0.013672 0.058594 0.019531
0 0.050781 0.748047 0.093750 0.089844
0 0.023438 0.654297 0.039062 0.042969
0 0.375000 0.689453 0.070312 0.050781
0 0.281250 0.779297 0.046875 0.058594
0 0.339844 0.839844 0.046875 0.054688
0 0.464844 0.531250 0.078125 0.070312
0 0.400391 0.521484 0.050781 0.042969
0 0.306641 0.488281 0.035156 0.039062
0 0.789062 0.087891 0.078125 0.058594
0 0.777344 0.140625 0.054688 0.054688
0 0.744141 0.244141 0.144531 0.144531
0 0.876953 0.212891 0.066406 0.058594
0 0.613281 0.052734 0.078125 0.058594
0 0.613281 0.177734 0.039062 0.050781
0 0.978516 0.195312 0.042969 0.054688
0 0.986328 0.023438 0.027344 0.039062
0 0.865234 0.642578 0.152344 0.089844
0 0.966797 0.677734 0.066406 0.105469
0 0.671875 0.792969 0.039062 0.046875
0 0.718750 0.812500 0.039062 0.054688
0 0.878906 0.882812 0.109375 0.078125
0 0.763672 0.937500 0.207031 0.125000
0 0.716797 0.392578 0.066406 0.050781
0 0.736328 0.529297 0.050781 0.050781
0 0.582031 0.343750 0.039062 0.054688
0 0.154297 0.582031 0.035156 0.031250
0 0.179688 0.083984 0.039062 0.035156
0 0.501953 0.630859 0.042969 0.042969
0 0.507812 0.123047 0.054688 0.066406
0 0.501953 0.978516 0.058594 0.042969
0 0.835938 0.736328 0.046875 0.058594
0 0.328125 0.150391 0.031250 0.042969
0 0.066406 0.494141 0.031250 0.019531
