0 0.324219 0.017578 0.054688 0.027344
0 0.082031 0.349609 0.031250 0.027344
0 0.431641 0.488281 0.082031 0.070312
0 0.599609 0.367188 0.105469 0.085938
0 0.128906 0.615234 0.187500 0.089844
0 0.203125 0.750000 0.125000 0.085938
0 0.382812 0.845703 0.085938 0.058594
0 0.439453 0.884766 0.035156 0.035156
0 0.697266 0.832031 0.074219 0.070312
0 0.935547 0.798828 0.050781 0.035156
0 0.923828 0.910156 0.050781 0.039062
0 0.974609 0.882812 0.050781 0.054688
0 0.955078 0.027344 0.035156 0.039062
0 0.875000 0.900391 0.031250 0.027344
0 0.173828 0.013672 0.027344 0.019531
