0 0.675781 0.017578 0.054688 0.027344
0 0.917969 0.349609 0.031250 0.027344
0 0.5683590000000001 0.488281 0.082031 0.070312
0 0.40039100000000005 0.367188 0.105469 0.085938
0 0.871094 0.615234 0.187500 0.089844
0 0.796875 0.750000 0.125000 0.085938
0 0.6171880000000001 0.845703 0.085938 0.058594
0 0.560547 0.884766 0.035156 0.035156
0 0.30273399999999995 0.832031 0.074219 0.070312
0 0.06445299999999998 0.798828 0.050781 0.035156
0 0.07617200000000002 0.910156 0.050781 0.039062
0 0.025391000000000052 0.882812 0.050781 0.054688
0 0.04492200000000002 0.027344 0.035156 0.039062
0 0.125 0.900391 0.031250 0.027344
0 0.826172 0.013672 0.027344 0.019531
