0 0.47656200000000004 0.912109 0.179688 0.113281
0 0.9160159999999999 0.339844 0.035156 0.039062
0 0.761719 0.531250 0.101562 0.070312
0 0.826172 0.566406 0.050781 0.039062
0 0.898438 0.687500 0.039062 0.039062
0 0.576172 0.550781 0.035156 0.031250
0 0.6347659999999999 0.470703 0.074219 0.050781
0 0.757812 0.314453 0.046875 0.066406
0 0.7558590000000001 0.263672 0.058594 0.042969
0 0.6328119999999999 0.248047 0.140625 0.050781
0 0.42773399999999995 0.103516 0.113281 0.050781
0 0.330078 0.132812 0.058594 0.046875
0 0.296875 0.210938 0.062500 0.046875
0 0.515625 0.310547 0.070312 0.066406
0 0.25976600000000005 0.333984 0.050781 0.042969
0 0.24218799999999996 0.097656 0.046875 0.031250
0 0.13281200000000004 0.119141 0.046875 0.035156
0 0.05468799999999996 0.113281 0.031250 0.031250
0 0.04492200000000002 0.160156 0.042969 0.039062
0 0.03320299999999998 0.201172 0.035156 0.035156
0 0.814453 0.935547 0.050781 0.050781
0 0.767578 0.980469 0.042969 0.039062
0 0.689453 0.964844 0.089844 0.070312
0 0.058594000000000035 0.365234 0.023438 0.027344
0 0.050780999999999965 0.794922 0.031250 0.035156
0 0.21093799999999996 0.849609 0.039062 0.035156
0 0.970703 0.703125 0.019531 0.023438
0 0.5878909999999999 0.593750 0.019531 0.023438
0 0.07031200000000004 0.574219 0.023438 0.023438
