0 0.523438 0.912109 0.179688 0.113281
0 0.083984 0.339844 0.035156 0.039062
0 0.238281 0.531250 0.101562 0.070312
0 0.173828 0.566406 0.050781 0.039062
0 0.101562 0.687500 0.039062 0.039062
0 0.423828 0.550781 0.035156 0.031250
0 0.365234 0.470703 0.074219 0.050781
0 0.242188 0.314453 0.046875 0.066406
0 0.244141 0.263672 0.058594 0.042969
0 0.367188 0.248047 0.140625 0.050781
0 0.572266 0.103516 0.113281 0.050781
0 0.669922 0.132812 0.058594 0.046875
0 0.703125 0.210938 0.062500 0.046875
0 0.484375 0.310547 0.070312 0.066406
0 0.740234 0.333984 0.050781 0.042969
0 0.757812 0.097656 0.046875 0.031250
0 0.867188 0.119141 0.046875 0.035156
0 0.945312 0.113281 0.031250 0.031250
0 0.955078 0.160156 0.042969 0.039062
0 0.966797 0.201172 0.035156 0.035156
0 0.185547 0.935547 0.050781 0.050781
0 0.232422 0.980469 0.042969 0.039062
0 0.310547 0.964844 0.089844 0.070312
0 0.941406 0.365234 0.023438 0.027344
0 0.949219 0.794922 0.031250 0.035156
0 0.789062 0.849609 0.039062 0.035156
0 0.029297 0.703125 0.019531 0.023438
0 0.412109 0.593750 0.019531 0.023438
0 0.929688 0.574219 0.023438 0.023438
