0 0.611328 0.464844 0.058594 0.062500
0 0.910156 0.580078 0.046875 0.042969
0 0.9628909999999999 0.560547 0.042969 0.035156
0 0.980469 0.603516 0.031250 0.050781
0 0.84375 0.642578 0.031250 0.027344
0 0.9433590000000001 0.750000 0.035156 0.039062
0 0.8183590000000001 0.798828 0.042969 0.042969
0 0.8691409999999999 0.083984 0.042969 0.035156
0 0.6171880000000001 0.089844 0.046875 0.039062
0 0.945312 0.978516 0.046875 0.042969
0 0.09570299999999998 0.310547 0.042969 0.035156
0 0.16992200000000002 0.478516 0.097656 0.082031
0 0.29101600000000005 0.548828 0.027344 0.035156
0 0.25 0.828125 0.210938 0.125000
0 0.326172 0.962891 0.089844 0.074219
0 0.566406 0.357422 0.031250 0.042969
0 0.013672000000000017 0.439453 0.027344 0.050781
0 0.050780999999999965 0.050781 0.039062 0.039062
0 0.058594000000000035 0.953125 0.039062 0.023438
0 0.623047 0.291016 0.035156 0.042969
