0 0.388672 0.464844 0.058594 0.062500
0 0.089844 0.580078 0.046875 0.042969
0 0.037109 0.560547 0.042969 0.035156
0 0.019531 0.603516 0.031250 0.050781
0 0.156250 0.642578 0.031250 0.027344
0 0.056641 0.750000 0.035156 0.039062
0 0.181641 0.798828 0.042969 0.042969
0 0.130859 0.083984 0.042969 0.035156
0 0.382812 0.089844 0.046875 0.039062
0 0.054688 0.978516 0.046875 0.042969
0 0.904297 0.310547 0.042969 0.035156
0 0.830078 0.478516 0.097656 0.082031
0 0.708984 0.548828 0.027344 0.035156
0 0.750000 0.828125 0.210938 0.125000
0 0.673828 0.962891 0.089844 0.074219
0 0.433594 0.357422 0.031250 0.042969
0 0.986328 0.439453 0.027344 0.050781
0 0.949219 0.050781 0.039062 0.039062
0 0.941406 0.953125 0.039062 0.023438
0 0.376953 0.291016 0.035156 0.042969
