0 0.921875 0.494141 0.148438 0.082031
0 0.6484380000000001 0.388672 0.046875 0.042969
0 0.529297 0.433594 0.042969 0.046875
0 0.707031 0.455078 0.054688 0.042969
0 0.609375 0.525391 0.062500 0.050781
0 0.945312 0.628906 0.101562 0.054688
0 0.689453 0.689453 0.066406 0.074219
0 0.642578 0.650391 0.058594 0.074219
0 0.876953 0.779297 0.238281 0.082031
0 0.44140599999999997 0.378906 0.078125 0.039062
0 0.36523399999999995 0.333984 0.136719 0.058594
0 0.267578 0.238281 0.199219 0.117188
0 0.251953 0.074219 0.105469 0.078125
0 0.09179700000000002 0.083984 0.035156 0.042969
0 0.04882799999999998 0.041016 0.050781 0.035156
0 0.376953 0.818359 0.027344 0.027344
