0 0.078125 0.494141 0.148438 0.082031
0 0.351562 0.388672 0.046875 0.042969
0 0.470703 0.433594 0.042969 0.046875
0 0.292969 0.455078 0.054688 0.042969
0 0.390625 0.525391 0.062500 0.050781
0 0.054688 0.628906 0.101562 0.054688
0 0.310547 0.689453 0.066406 0.074219
0 0.357422 0.650391 0.058594 0.074219
0 0.123047 0.779297 0.238281 0.082031
0 0.558594 0.378906 0.078125 0.039062
0 0.634766 0.333984 0.136719 0.058594
0 0.732422 0.238281 0.199219 0.117188
0 0.748047 0.074219 0.105469 0.078125
0 0.908203 0.083984 0.035156 0.042969
0 0.951172 0.041016 0.050781 0.035156
0 0.623047 0.818359 0.027344 0.027344
