0 0.9589840000000001 0.060547 0.074219 0.113281
0 0.519531 0.351562 0.164062 0.062500
0 0.7441409999999999 0.746094 0.035156 0.039062
0 0.21875 0.832031 0.054688 0.070312
0 0.013672000000000017 0.345703 0.027344 0.058594
0 0.011719000000000035 0.404297 0.023438 0.035156
0 0.40234400000000003 0.556641 0.031250 0.027344
0 0.08593799999999996 0.611328 0.039062 0.042969
0 0.07226600000000005 0.707031 0.035156 0.039062
0 0.800781 0.972656 0.046875 0.054688
0 0.09570299999999998 0.919922 0.035156 0.035156
0 0.42773399999999995 0.857422 0.035156 0.035156
0 0.06054700000000002 0.986328 0.035156 0.027344
0 0.892578 0.699219 0.027344 0.031250
0 0.49609400000000003 0.951172 0.054688 0.058594
0 0.10546900000000003 0.470703 0.031250 0.035156
0 0.992188 0.716797 0.007812 0.019531
0 0.966797 0.849609 0.035156 0.027344
