0 0.22265599999999997 0.232422 0.062500 0.050781
0 0.14453099999999997 0.220703 0.070312 0.105469
0 0.738281 0.443359 0.070312 0.058594
0 0.978516 0.025391 0.035156 0.042969
0 0.517578 0.291016 0.035156 0.042969
0 0.15039100000000005 0.492188 0.058594 0.046875
0 0.18164100000000005 0.525391 0.082031 0.074219
0 0.30078099999999997 0.263672 0.046875 0.050781
0 0.675781 0.162109 0.046875 0.042969
0 0.933594 0.638672 0.125000 0.113281
0 0.960938 0.751953 0.070312 0.058594
0 0.945312 0.910156 0.054688 0.046875
0 0.804688 0.824219 0.046875 0.046875
0 0.6933590000000001 0.746094 0.066406 0.046875
0 0.42968799999999996 0.880859 0.101562 0.058594
0 0.11132799999999998 0.898438 0.035156 0.039062
0 0.15429700000000002 0.884766 0.035156 0.042969
0 0.06054700000000002 0.583984 0.050781 0.050781
0 0.10351600000000005 0.599609 0.035156 0.035156
0 0.06054700000000002 0.386719 0.050781 0.046875
0 0.773438 0.933594 0.109375 0.046875
0 0.675781 0.986328 0.078125 0.027344
0 0.6953119999999999 0.509766 0.054688 0.042969
0 0.49609400000000003 0.691406 0.046875 0.046875
0 0.5566409999999999 0.718750 0.042969 0.046875
0 0.36523399999999995 0.539062 0.042969 0.046875
0 0.10156200000000004 0.812500 0.023438 0.023438
0 0.03710899999999995 0.757812 0.042969 0.062500
0 0.761719 0.705078 0.039062 0.035156
