0 0.363281 0.033203 0.046875 0.035156
0 0.414062 0.011719 0.046875 0.015625
0 0.480469 0.015625 0.062500 0.023438
0 0.478516 0.191406 0.050781 0.054688
0 0.423828 0.207031 0.035156 0.031250
0 0.433594 0.246094 0.046875 0.039062
0 0.519531 0.294922 0.125000 0.121094
0 0.740234 0.136719 0.035156 0.054688
0 0.630859 0.300781 0.042969 0.046875
0 0.044922 0.640625 0.042969 0.046875
0 0.218750 0.623047 0.054688 0.074219
0 0.275391 0.683594 0.082031 0.054688
0 0.144531 0.583984 0.070312 0.113281
0 0.601562 0.705078 0.031250 0.035156
0 0.978516 0.535156 0.042969 0.031250
0 0.240234 0.777344 0.035156 0.046875
0 0.521484 0.835938 0.027344 0.031250
0 0.279297 0.960938 0.152344 0.078125
0 0.404297 0.902344 0.027344 0.031250
0 0.505859 0.972656 0.058594 0.039062
0 0.851562 0.144531 0.023438 0.031250
0 0.066406 0.595703 0.015625 0.027344
