0 0.636719 0.033203 0.046875 0.035156
0 0.5859380000000001 0.011719 0.046875 0.015625
0 0.519531 0.015625 0.062500 0.023438
0 0.5214840000000001 0.191406 0.050781 0.054688
0 0.576172 0.207031 0.035156 0.031250
0 0.566406 0.246094 0.046875 0.039062
0 0.48046900000000003 0.294922 0.125000 0.121094
0 0.25976600000000005 0.136719 0.035156 0.054688
0 0.36914100000000005 0.300781 0.042969 0.046875
0 0.955078 0.640625 0.042969 0.046875
0 0.78125 0.623047 0.054688 0.074219
0 0.7246090000000001 0.683594 0.082031 0.054688
0 0.855469 0.583984 0.070312 0.113281
0 0.39843799999999996 0.705078 0.031250 0.035156
0 0.021483999999999948 0.535156 0.042969 0.031250
0 0.7597659999999999 0.777344 0.035156 0.046875
0 0.47851600000000005 0.835938 0.027344 0.031250
0 0.720703 0.960938 0.152344 0.078125
0 0.595703 0.902344 0.027344 0.031250
0 0.49414100000000005 0.972656 0.058594 0.039062
0 0.14843799999999996 0.144531 0.023438 0.031250
0 0.933594 0.595703 0.015625 0.027344
