0 0.683594 0.626953 0.101562 0.074219
0 0.085938 0.388672 0.046875 0.042969
0 0.041016 0.560547 0.074219 0.074219
0 0.144531 0.658203 0.046875 0.050781
0 0.095703 0.753906 0.082031 0.054688
0 0.062500 0.865234 0.085938 0.042969
0 0.958984 0.328125 0.058594 0.054688
0 0.208984 0.109375 0.066406 0.101562
0 0.054688 0.259766 0.046875 0.050781
0 0.232422 0.439453 0.027344 0.042969
0 0.279297 0.398438 0.035156 0.062500
0 0.292969 0.449219 0.023438 0.039062
0 0.441406 0.824219 0.031250 0.031250
0 0.509766 0.851562 0.019531 0.039062
0 0.558594 0.980469 0.039062 0.039062
0 0.802734 0.500000 0.027344 0.039062
0 0.972656 0.458984 0.031250 0.027344
0 0.333984 0.162109 0.050781 0.097656
0 0.214844 0.238281 0.031250 0.039062
0 0.281250 0.267578 0.031250 0.066406
0 0.318359 0.287109 0.035156 0.042969
0 0.382812 0.304688 0.062500 0.046875
0 0.447266 0.312500 0.058594 0.062500
0 0.435547 0.208984 0.113281 0.113281
0 0.580078 0.244141 0.183594 0.222656
0 0.734375 0.326172 0.039062 0.042969
0 0.845703 0.156250 0.074219 0.093750
0 0.876953 0.230469 0.019531 0.023438
0 0.869141 0.353516 0.019531 0.027344
0 0.863281 0.287109 0.101562 0.074219
0 0.142578 0.861328 0.066406 0.058594
