0 0.31640599999999997 0.626953 0.101562 0.074219
0 0.914062 0.388672 0.046875 0.042969
0 0.9589840000000001 0.560547 0.074219 0.074219
0 0.855469 0.658203 0.046875 0.050781
0 0.904297 0.753906 0.082031 0.054688
0 0.9375 0.865234 0.085938 0.042969
0 0.04101600000000005 0.328125 0.058594 0.054688
0 0.7910159999999999 0.109375 0.066406 0.101562
0 0.945312 0.259766 0.046875 0.050781
0 0.767578 0.439453 0.027344 0.042969
0 0.720703 0.398438 0.035156 0.062500
0 0.707031 0.449219 0.023438 0.039062
0 0.558594 0.824219 0.031250 0.031250
0 0.49023399999999995 0.851562 0.019531 0.039062
0 0.44140599999999997 0.980469 0.039062 0.039062
0 0.19726600000000005 0.500000 0.027344 0.039062
0 0.027344000000000035 0.458984 0.031250 0.027344
0 0.6660159999999999 0.162109 0.050781 0.097656
0 0.785156 0.238281 0.031250 0.039062
0 0.71875 0.267578 0.031250 0.066406
0 0.6816409999999999 0.287109 0.035156 0.042969
0 0.6171880000000001 0.304688 0.062500 0.046875
0 0.5527340000000001 0.312500 0.058594 0.062500
0 0.564453 0.208984 0.113281 0.113281
0 0.419922 0.244141 0.183594 0.222656
0 0.265625 0.326172 0.039062 0.042969
0 0.15429700000000002 0.156250 0.074219 0.093750
0 0.12304700000000002 0.230469 0.019531 0.023438
0 0.13085899999999995 0.353516 0.019531 0.027344
0 0.13671900000000003 0.287109 0.101562 0.074219
0 0.857422 0.861328 0.066406 0.058594
