0 0.878906 0.228516 0.031250 0.042969
0 0.847656 0.210938 0.031250 0.046875
0 0.6503909999999999 0.070312 0.160156 0.093750
0 0.33984400000000003 0.052734 0.179688 0.097656
0 0.109375 0.027344 0.031250 0.039062
0 0.1875 0.320312 0.039062 0.039062
0 0.894531 0.351562 0.054688 0.046875
0 0.748047 0.957031 0.222656 0.085938
0 0.23632799999999998 0.455078 0.035156 0.035156
0 0.30468799999999996 0.882812 0.015625 0.015625
0 0.42773399999999995 0.941406 0.019531 0.023438
0 0.654297 0.492188 0.027344 0.031250
