0 0.39843799999999996 0.927734 0.039062 0.035156
0 0.28906200000000004 0.916016 0.070312 0.042969
0 0.966797 0.466797 0.027344 0.058594
0 0.847656 0.222656 0.054688 0.054688
0 0.23242200000000002 0.271484 0.058594 0.050781
0 0.941406 0.322266 0.039062 0.035156
0 0.960938 0.255859 0.046875 0.035156
0 0.642578 0.636719 0.050781 0.062500
0 0.5390619999999999 0.667969 0.039062 0.046875
0 0.23242200000000002 0.589844 0.027344 0.023438
0 0.47265599999999997 0.404297 0.031250 0.035156
0 0.390625 0.757812 0.054688 0.070312
0 0.34375 0.771484 0.031250 0.027344
0 0.773438 0.800781 0.046875 0.039062
0 0.835938 0.291016 0.046875 0.042969
0 0.716797 0.402344 0.035156 0.039062
0 0.09765599999999997 0.177734 0.031250 0.035156
0 0.796875 0.017578 0.031250 0.027344
0 0.470703 0.171875 0.035156 0.031250
0 0.703125 0.787109 0.031250 0.042969
0 0.90625 0.011719 0.023438 0.015625
0 0.21289100000000005 0.886719 0.058594 0.078125
0 0.058594000000000035 0.892578 0.023438 0.027344
