0 0.601562 0.927734 0.039062 0.035156
0 0.710938 0.916016 0.070312 0.042969
0 0.033203 0.466797 0.027344 0.058594
0 0.152344 0.222656 0.054688 0.054688
0 0.767578 0.271484 0.058594 0.050781
0 0.058594 0.322266 0.039062 0.035156
0 0.039062 0.255859 0.046875 0.035156
0 0.357422 0.636719 0.050781 0.062500
0 0.460938 0.667969 0.039062 0.046875
0 0.767578 0.589844 0.027344 0.023438
0 0.527344 0.404297 0.031250 0.035156
0 0.609375 0.757812 0.054688 0.070312
0 0.656250 0.771484 0.031250 0.027344
0 0.226562 0.800781 0.046875 0.039062
0 0.164062 0.291016 0.046875 0.042969
0 0.283203 0.402344 0.035156 0.039062
0 0.902344 0.177734 0.031250 0.035156
0 0.203125 0.017578 0.031250 0.027344
0 0.529297 0.171875 0.035156 0.031250
0 0.296875 0.787109 0.031250 0.042969
0 0.093750 0.011719 0.023438 0.015625
0 0.787109 0.886719 0.058594 0.078125
0 0.941406 0.892578 0.023438 0.027344
