0 0.062500 0.232422 0.054688 0.050781
0 0.080078 0.300781 0.035156 0.023438
0 0.181641 0.365234 0.035156 0.035156
0 0.207031 0.500000 0.039062 0.039062
0 0.306641 0.505859 0.050781 0.042969
0 0.281250 0.535156 0.039062 0.031250
0 0.189453 0.564453 0.035156 0.035156
0 0.472656 0.537109 0.046875 0.035156
0 0.527344 0.484375 0.046875 0.054688
0 0.638672 0.066406 0.042969 0.023438
0 0.691406 0.554688 0.046875 0.039062
0 0.248047 0.851562 0.027344 0.031250
0 0.277344 0.892578 0.023438 0.042969
0 0.587891 0.718750 0.035156 0.046875
0 0.724609 0.937500 0.035156 0.031250
0 0.847656 0.845703 0.031250 0.035156
0 0.445312 0.126953 0.023438 0.035156
0 0.941406 0.382812 0.031250 0.023438
0 0.322266 0.947266 0.019531 0.019531
