0 0.9375 0.232422 0.054688 0.050781
0 0.919922 0.300781 0.035156 0.023438
0 0.8183590000000001 0.365234 0.035156 0.035156
0 0.792969 0.500000 0.039062 0.039062
0 0.6933590000000001 0.505859 0.050781 0.042969
0 0.71875 0.535156 0.039062 0.031250
0 0.810547 0.564453 0.035156 0.035156
0 0.527344 0.537109 0.046875 0.035156
0 0.47265599999999997 0.484375 0.046875 0.054688
0 0.361328 0.066406 0.042969 0.023438
0 0.30859400000000003 0.554688 0.046875 0.039062
0 0.751953 0.851562 0.027344 0.031250
0 0.722656 0.892578 0.023438 0.042969
0 0.41210899999999995 0.718750 0.035156 0.046875
0 0.27539100000000005 0.937500 0.035156 0.031250
0 0.15234400000000003 0.845703 0.031250 0.035156
0 0.5546880000000001 0.126953 0.023438 0.035156
0 0.058594000000000035 0.382812 0.031250 0.023438
0 0.6777340000000001 0.947266 0.019531 0.019531
