0 0.675781 0.306641 0.039062 0.042969
0 0.447266 0.361328 0.042969 0.035156
0 0.507812 0.189453 0.023438 0.035156
0 0.462891 0.277344 0.035156 0.039062
0 0.351562 0.283203 0.023438 0.035156
0 0.119141 0.478516 0.027344 0.027344
0 0.152344 0.453125 0.031250 0.031250
0 0.845703 0.554688 0.035156 0.039062
0 0.820312 0.521484 0.031250 0.027344
0 0.750000 0.857422 0.039062 0.121094
0 0.623047 0.986328 0.035156 0.027344
0 0.355469 0.484375 0.031250 0.031250
0 0.486328 0.515625 0.035156 0.031250
0 0.412109 0.890625 0.042969 0.031250
0 0.064453 0.613281 0.027344 0.031250
0 0.679688 0.228516 0.093750 0.066406
0 0.015625 0.679688 0.023438 0.023438
0 0.457031 0.148438 0.023438 0.015625
