0 0.32421900000000003 0.306641 0.039062 0.042969
0 0.5527340000000001 0.361328 0.042969 0.035156
0 0.49218799999999996 0.189453 0.023438 0.035156
0 0.5371090000000001 0.277344 0.035156 0.039062
0 0.6484380000000001 0.283203 0.023438 0.035156
0 0.8808590000000001 0.478516 0.027344 0.027344
0 0.847656 0.453125 0.031250 0.031250
0 0.15429700000000002 0.554688 0.035156 0.039062
0 0.17968799999999996 0.521484 0.031250 0.027344
0 0.25 0.857422 0.039062 0.121094
0 0.376953 0.986328 0.035156 0.027344
0 0.644531 0.484375 0.031250 0.031250
0 0.513672 0.515625 0.035156 0.031250
0 0.5878909999999999 0.890625 0.042969 0.031250
0 0.935547 0.613281 0.027344 0.031250
0 0.32031200000000004 0.228516 0.093750 0.066406
0 0.984375 0.679688 0.023438 0.023438
0 0.542969 0.148438 0.023438 0.015625
