0 0.769531 0.271484 0.023438 0.035156
0 0.855469 0.236328 0.023438 0.027344
0 0.929688 0.781250 0.085938 0.070312
0 0.705078 0.943359 0.035156 0.035156
0 0.597656 0.914062 0.054688 0.046875
0 0.361328 0.685547 0.082031 0.058594
0 0.11718799999999996 0.011719 0.046875 0.015625
0 0.08007799999999998 0.023438 0.027344 0.039062
0 0.08984400000000003 0.105469 0.031250 0.039062
0 0.05468799999999996 0.154297 0.031250 0.035156
0 0.017577999999999983 0.220703 0.035156 0.035156
0 0.050780999999999965 0.236328 0.023438 0.035156
0 0.283203 0.365234 0.027344 0.027344
0 0.486328 0.414062 0.027344 0.031250
0 0.24414100000000005 0.800781 0.042969 0.039062
0 0.732422 0.246094 0.035156 0.023438
0 0.283203 0.312500 0.019531 0.023438
