0 0.230469 0.271484 0.023438 0.035156
0 0.144531 0.236328 0.023438 0.027344
0 0.070312 0.781250 0.085938 0.070312
0 0.294922 0.943359 0.035156 0.035156
0 0.402344 0.914062 0.054688 0.046875
0 0.638672 0.685547 0.082031 0.058594
0 0.882812 0.011719 0.046875 0.015625
0 0.919922 0.023438 0.027344 0.039062
0 0.910156 0.105469 0.031250 0.039062
0 0.945312 0.154297 0.031250 0.035156
0 0.982422 0.220703 0.035156 0.035156
0 0.949219 0.236328 0.023438 0.035156
0 0.716797 0.365234 0.027344 0.027344
0 0.513672 0.414062 0.027344 0.031250
0 0.755859 0.800781 0.042969 0.039062
0 0.267578 0.246094 0.035156 0.023438
0 0.716797 0.312500 0.019531 0.023438
