0 0.794922 0.041016 0.089844 0.042969
0 0.671875 0.019531 0.062500 0.031250
0 0.6777340000000001 0.064453 0.035156 0.035156
0 0.626953 0.130859 0.050781 0.058594
0 0.689453 0.160156 0.058594 0.054688
0 0.517578 0.265625 0.105469 0.085938
0 0.466797 0.154297 0.035156 0.027344
0 0.421875 0.117188 0.046875 0.039062
0 0.421875 0.205078 0.031250 0.035156
0 0.39843799999999996 0.248047 0.039062 0.035156
0 0.07031200000000004 0.218750 0.046875 0.054688
0 0.8066409999999999 0.519531 0.214844 0.210938
0 0.597656 0.597656 0.164062 0.164062
0 0.27148399999999995 0.871094 0.152344 0.226562
0 0.18554700000000002 0.849609 0.074219 0.082031
0 0.15429700000000002 0.937500 0.058594 0.062500
0 0.08789100000000005 0.968750 0.082031 0.062500
0 0.703125 0.810547 0.039062 0.042969
0 0.7421880000000001 0.693359 0.039062 0.042969
0 0.27343799999999996 0.617188 0.046875 0.062500
0 0.03710899999999995 0.443359 0.035156 0.050781
0 0.021483999999999948 0.498047 0.042969 0.058594
0 0.029297000000000017 0.558594 0.058594 0.062500
0 0.263672 0.455078 0.082031 0.082031
0 0.07031200000000004 0.367188 0.062500 0.062500
0 0.16015599999999997 0.429688 0.046875 0.039062
0 0.5390619999999999 0.978516 0.070312 0.042969
0 0.904297 0.050781 0.035156 0.039062
0 0.640625 0.421875 0.039062 0.046875
0 0.40625 0.382812 0.054688 0.046875
0 0.283203 0.017578 0.050781 0.027344
0 0.11132799999999998 0.017578 0.035156 0.027344
0 0.294922 0.267578 0.035156 0.050781
0 0.548828 0.152344 0.035156 0.039062
0 0.626953 0.474609 0.050781 0.050781
0 0.6816409999999999 0.673828 0.042969 0.035156
0 0.41210899999999995 0.982422 0.042969 0.035156
0 0.22460899999999995 0.652344 0.058594 0.070312
