0 0.205078 0.041016 0.089844 0.042969
0 0.328125 0.019531 0.062500 0.031250
0 0.322266 0.064453 0.035156 0.035156
0 0.373047 0.130859 0.050781 0.058594
0 0.310547 0.160156 0.058594 0.054688
0 0.482422 0.265625 0.105469 0.085938
0 0.533203 0.154297 0.035156 0.027344
0 0.578125 0.117188 0.046875 0.039062
0 0.578125 0.205078 0.031250 0.035156
0 0.601562 0.248047 0.039062 0.035156
0 0.929688 0.218750 0.046875 0.054688
0 0.193359 0.519531 0.214844 0.210938
0 0.402344 0.597656 0.164062 0.164062
0 0.728516 0.871094 0.152344 0.226562
0 0.814453 0.849609 0.074219 0.082031
0 0.845703 0.937500 0.058594 0.062500
0 0.912109 0.968750 0.082031 0.062500
0 0.296875 0.810547 0.039062 0.042969
0 0.257812 0.693359 0.039062 0.042969
0 0.726562 0.617188 0.046875 0.062500
0 0.962891 0.443359 0.035156 0.050781
0 0.978516 0.498047 0.042969 0.058594
0 0.970703 0.558594 0.058594 0.062500
0 0.736328 0.455078 0.082031 0.082031
0 0.929688 0.367188 0.062500 0.062500
0 0.839844 0.429688 0.046875 0.039062
0 0.460938 0.978516 0.070312 0.042969
0 0.095703 0.050781 0.035156 0.039062
0 0.359375 0.421875 0.039062 0.046875
0 0.593750 0.382812 0.054688 0.046875
0 0.716797 0.017578 0.050781 0.027344
0 0.888672 0.017578 0.035156 0.027344
0 0.705078 0.267578 0.035156 0.050781
0 0.451172 0.152344 0.035156 0.039062
0 0.373047 0.474609 0.050781 0.050781
0 0.318359 0.673828 0.042969 0.035156
0 0.587891 0.982422 0.042969 0.035156
0 0.775391 0.652344 0.058594 0.070312
