0 0.794922 0.345703 0.050781 0.105469
0 0.136719 0.146484 0.242188 0.089844
0 0.279297 0.289062 0.097656 0.070312
0 0.472656 0.476562 0.054688 0.054688
0 0.714844 0.367188 0.054688 0.070312
0 0.101562 0.427734 0.039062 0.035156
0 0.083984 0.773438 0.042969 0.046875
0 0.462891 0.904297 0.105469 0.113281
0 0.015625 0.396484 0.023438 0.035156
0 0.273438 0.808594 0.046875 0.046875
0 0.289062 0.773438 0.039062 0.039062
0 0.554688 0.863281 0.054688 0.046875
0 0.613281 0.808594 0.046875 0.046875
0 0.736328 0.833984 0.042969 0.058594
0 0.279297 0.486328 0.042969 0.042969
0 0.076172 0.927734 0.089844 0.050781
0 0.171875 0.960938 0.117188 0.078125
0 0.437500 0.238281 0.039062 0.023438
0 0.515625 0.279297 0.039062 0.035156
0 0.033203 0.212891 0.058594 0.050781
0 0.234375 0.218750 0.109375 0.046875
0 0.759766 0.878906 0.042969 0.039062
0 0.017578 0.599609 0.027344 0.042969
0 0.734375 0.136719 0.062500 0.046875
0 0.662109 0.089844 0.042969 0.054688
0 0.978516 0.304688 0.035156 0.046875
0 0.175781 0.574219 0.039062 0.039062
0 0.076172 0.289062 0.027344 0.031250
0 0.115234 0.277344 0.027344 0.039062
0 0.468750 0.822266 0.054688 0.042969
0 0.568359 0.013672 0.105469 0.019531
0 0.580078 0.458984 0.050781 0.058594
0 0.646484 0.468750 0.050781 0.046875
0 0.660156 0.412109 0.054688 0.058594
