0 0.072266 0.718750 0.050781 0.046875
0 0.308594 0.556641 0.210938 0.097656
0 0.115234 0.406250 0.027344 0.031250
0 0.457031 0.373047 0.062500 0.074219
0 0.394531 0.160156 0.148438 0.070312
0 0.542969 0.199219 0.046875 0.054688
0 0.691406 0.246094 0.218750 0.234375
0 0.675781 0.085938 0.156250 0.109375
0 0.833984 0.111328 0.050781 0.082031
0 0.826172 0.341797 0.035156 0.042969
0 0.931641 0.320312 0.035156 0.039062
0 0.939453 0.462891 0.121094 0.074219
0 0.837891 0.597656 0.058594 0.054688
0 0.781250 0.531250 0.039062 0.046875
0 0.839844 0.865234 0.031250 0.042969
0 0.988281 0.521484 0.023438 0.035156
0 0.402344 0.720703 0.031250 0.027344
0 0.845703 0.257812 0.027344 0.031250
0 0.880859 0.099609 0.035156 0.058594
0 0.927734 0.158203 0.058594 0.160156
0 0.988281 0.136719 0.023438 0.039062
0 0.970703 0.201172 0.027344 0.050781
