0 0.9277340000000001 0.718750 0.050781 0.046875
0 0.691406 0.556641 0.210938 0.097656
0 0.8847659999999999 0.406250 0.027344 0.031250
0 0.542969 0.373047 0.062500 0.074219
0 0.605469 0.160156 0.148438 0.070312
0 0.45703099999999997 0.199219 0.046875 0.054688
0 0.30859400000000003 0.246094 0.218750 0.234375
0 0.32421900000000003 0.085938 0.156250 0.109375
0 0.16601600000000005 0.111328 0.050781 0.082031
0 0.17382799999999998 0.341797 0.035156 0.042969
0 0.06835899999999995 0.320312 0.035156 0.039062
0 0.06054700000000002 0.462891 0.121094 0.074219
0 0.16210899999999995 0.597656 0.058594 0.054688
0 0.21875 0.531250 0.039062 0.046875
0 0.16015599999999997 0.865234 0.031250 0.042969
0 0.011719000000000035 0.521484 0.023438 0.035156
0 0.597656 0.720703 0.031250 0.027344
0 0.15429700000000002 0.257812 0.027344 0.031250
0 0.11914100000000005 0.099609 0.035156 0.058594
0 0.07226600000000005 0.158203 0.058594 0.160156
0 0.011719000000000035 0.136719 0.023438 0.039062
0 0.029297000000000017 0.201172 0.027344 0.050781
