0 0.048828 0.482422 0.089844 0.152344
0 0.175781 0.406250 0.062500 0.070312
0 0.109375 0.419922 0.039062 0.050781
0 0.251953 0.400391 0.058594 0.058594
0 0.162109 0.482422 0.050781 0.042969
0 0.230469 0.585938 0.171875 0.093750
0 0.359375 0.572266 0.054688 0.058594
0 0.019531 0.751953 0.031250 0.082031
0 0.150391 0.857422 0.160156 0.144531
0 0.333984 0.978516 0.066406 0.042969
0 0.458984 0.845703 0.035156 0.042969
0 0.197266 0.220703 0.050781 0.042969
0 0.355469 0.294922 0.031250 0.027344
0 0.593750 0.035156 0.039062 0.039062
0 0.839844 0.130859 0.039062 0.050781
0 0.419922 0.562500 0.027344 0.031250
0 0.314453 0.435547 0.058594 0.035156
0 0.480469 0.570312 0.039062 0.039062
0 0.501953 0.609375 0.027344 0.039062
0 0.550781 0.658203 0.046875 0.042969
0 0.833984 0.705078 0.050781 0.035156
0 0.777344 0.751953 0.023438 0.042969
0 0.794922 0.833984 0.035156 0.042969
0 0.880859 0.859375 0.042969 0.046875
0 0.250000 0.945312 0.062500 0.109375
0 0.625000 0.085938 0.031250 0.031250
0 0.609375 0.140625 0.039062 0.023438
0 0.990234 0.064453 0.019531 0.027344
0 0.291016 0.302734 0.019531 0.011719
0 0.949219 0.753906 0.031250 0.023438
0 0.820312 0.175781 0.023438 0.023438
