0 0.296875 0.291016 0.031250 0.027344
0 0.171875 0.501953 0.031250 0.035156
0 0.585938 0.328125 0.171875 0.117188
0 0.333984 0.039062 0.214844 0.070312
0 0.554688 0.101562 0.039062 0.070312
0 0.630859 0.095703 0.027344 0.011719
0 0.650391 0.195312 0.050781 0.046875
0 0.802734 0.039062 0.050781 0.039062
0 0.957031 0.291016 0.054688 0.050781
0 0.964844 0.369141 0.046875 0.050781
0 0.853516 0.447266 0.246094 0.105469
0 0.775391 0.333984 0.058594 0.050781
0 0.527344 0.494141 0.039062 0.035156
0 0.560547 0.546875 0.035156 0.039062
0 0.695312 0.523438 0.031250 0.000000
0 0.025391 0.355469 0.019531 0.031250
0 0.107422 0.582031 0.058594 0.039062
0 0.183594 0.601562 0.031250 0.039062
0 0.068359 0.908203 0.027344 0.027344
0 0.410156 0.927734 0.031250 0.035156
0 0.322266 0.988281 0.042969 0.023438
0 0.539062 0.035156 0.031250 0.039062
0 0.486328 0.068359 0.035156 0.035156
0 0.693359 0.509766 0.027344 0.027344
0 0.623047 0.578125 0.027344 0.031250
0 0.025391 0.916016 0.019531 0.019531
0 0.039062 0.412109 0.015625 0.027344
0 0.861328 0.972656 0.027344 0.015625
0 0.656250 0.076172 0.023438 0.027344
