0 0.703125 0.291016 0.031250 0.027344
0 0.828125 0.501953 0.031250 0.035156
0 0.41406200000000004 0.328125 0.171875 0.117188
0 0.6660159999999999 0.039062 0.214844 0.070312
0 0.44531200000000004 0.101562 0.039062 0.070312
0 0.36914100000000005 0.095703 0.027344 0.011719
0 0.34960899999999995 0.195312 0.050781 0.046875
0 0.19726600000000005 0.039062 0.050781 0.039062
0 0.042969000000000035 0.291016 0.054688 0.050781
0 0.035155999999999965 0.369141 0.046875 0.050781
0 0.14648399999999995 0.447266 0.246094 0.105469
0 0.22460899999999995 0.333984 0.058594 0.050781
0 0.47265599999999997 0.494141 0.039062 0.035156
0 0.439453 0.546875 0.035156 0.039062
0 0.30468799999999996 0.523438 0.031250 0.000000
0 0.974609 0.355469 0.019531 0.031250
0 0.892578 0.582031 0.058594 0.039062
0 0.816406 0.601562 0.031250 0.039062
0 0.9316409999999999 0.908203 0.027344 0.027344
0 0.589844 0.927734 0.031250 0.035156
0 0.6777340000000001 0.988281 0.042969 0.023438
0 0.46093799999999996 0.035156 0.031250 0.039062
0 0.513672 0.068359 0.035156 0.035156
0 0.30664100000000005 0.509766 0.027344 0.027344
0 0.376953 0.578125 0.027344 0.031250
0 0.974609 0.916016 0.019531 0.019531
0 0.960938 0.412109 0.015625 0.027344
0 0.13867200000000002 0.972656 0.027344 0.015625
0 0.34375 0.076172 0.023438 0.027344
