0 0.796875 0.021484 0.164062 0.035156
0 0.908203 0.035156 0.027344 0.031250
0 0.595703 0.238281 0.136719 0.062500
0 0.07031200000000004 0.388672 0.054688 0.042969
0 0.078125 0.046875 0.085938 0.054688
0 0.029297000000000017 0.083984 0.050781 0.050781
0 0.326172 0.416016 0.058594 0.050781
0 0.23242200000000002 0.402344 0.066406 0.046875
0 0.25781200000000004 0.464844 0.046875 0.062500
0 0.35156200000000004 0.490234 0.046875 0.035156
0 0.19140599999999997 0.480469 0.054688 0.054688
0 0.824219 0.292969 0.023438 0.031250
0 0.861328 0.339844 0.035156 0.023438
0 0.16601600000000005 0.869141 0.183594 0.144531
0 0.03710899999999995 0.767578 0.035156 0.035156
0 0.33593799999999996 0.619141 0.039062 0.027344
0 0.529297 0.765625 0.050781 0.054688
0 0.48046900000000003 0.738281 0.046875 0.039062
0 0.7558590000000001 0.761719 0.269531 0.203125
0 0.390625 0.976562 0.039062 0.039062
0 0.5527340000000001 0.035156 0.027344 0.031250
0 0.38476600000000005 0.015625 0.050781 0.023438
0 0.673828 0.117188 0.042969 0.039062
0 0.652344 0.318359 0.031250 0.035156
0 0.589844 0.376953 0.039062 0.035156
0 0.6777340000000001 0.628906 0.042969 0.031250
0 0.5859380000000001 0.593750 0.046875 0.031250
0 0.12304700000000002 0.542969 0.042969 0.039062
0 0.49414100000000005 0.824219 0.035156 0.031250
0 0.580078 0.062500 0.019531 0.023438
0 0.5859380000000001 0.115234 0.023438 0.027344
0 0.5234380000000001 0.074219 0.023438 0.023438
0 0.908203 0.255859 0.019531 0.027344
0 0.90625 0.126953 0.023438 0.027344
0 0.734375 0.445312 0.039062 0.031250
0 0.14648399999999995 0.037109 0.027344 0.035156
0 0.08007799999999998 0.726562 0.035156 0.031250
