0 0.203125 0.021484 0.164062 0.035156
0 0.091797 0.035156 0.027344 0.031250
0 0.404297 0.238281 0.136719 0.062500
0 0.929688 0.388672 0.054688 0.042969
0 0.921875 0.046875 0.085938 0.054688
0 0.970703 0.083984 0.050781 0.050781
0 0.673828 0.416016 0.058594 0.050781
0 0.767578 0.402344 0.066406 0.046875
0 0.742188 0.464844 0.046875 0.062500
0 0.648438 0.490234 0.046875 0.035156
0 0.808594 0.480469 0.054688 0.054688
0 0.175781 0.292969 0.023438 0.031250
0 0.138672 0.339844 0.035156 0.023438
0 0.833984 0.869141 0.183594 0.144531
0 0.962891 0.767578 0.035156 0.035156
0 0.664062 0.619141 0.039062 0.027344
0 0.470703 0.765625 0.050781 0.054688
0 0.519531 0.738281 0.046875 0.039062
0 0.244141 0.761719 0.269531 0.203125
0 0.609375 0.976562 0.039062 0.039062
0 0.447266 0.035156 0.027344 0.031250
0 0.615234 0.015625 0.050781 0.023438
0 0.326172 0.117188 0.042969 0.039062
0 0.347656 0.318359 0.031250 0.035156
0 0.410156 0.376953 0.039062 0.035156
0 0.322266 0.628906 0.042969 0.031250
0 0.414062 0.593750 0.046875 0.031250
0 0.876953 0.542969 0.042969 0.039062
0 0.505859 0.824219 0.035156 0.031250
0 0.419922 0.062500 0.019531 0.023438
0 0.414062 0.115234 0.023438 0.027344
0 0.476562 0.074219 0.023438 0.023438
0 0.091797 0.255859 0.019531 0.027344
0 0.093750 0.126953 0.023438 0.027344
0 0.265625 0.445312 0.039062 0.031250
0 0.853516 0.037109 0.027344 0.035156
0 0.919922 0.726562 0.035156 0.031250
