0 0.162109 0.041016 0.058594 0.058594
0 0.255859 0.095703 0.035156 0.035156
0 0.261719 0.033203 0.046875 0.035156
0 0.099609 0.048828 0.058594 0.035156
0 0.027344 0.085938 0.039062 0.046875
0 0.099609 0.013672 0.042969 0.019531
0 0.273438 0.201172 0.039062 0.042969
0 0.306641 0.253906 0.050781 0.054688
0 0.720703 0.132812 0.042969 0.031250
0 0.093750 0.365234 0.039062 0.050781
0 0.228516 0.457031 0.042969 0.046875
0 0.222656 0.531250 0.046875 0.039062
0 0.257812 0.638672 0.031250 0.035156
0 0.220703 0.707031 0.042969 0.031250
0 0.035156 0.507812 0.054688 0.039062
0 0.121094 0.605469 0.031250 0.046875
0 0.052734 0.626953 0.035156 0.035156
0 0.056641 0.710938 0.035156 0.031250
0 0.458984 0.617188 0.042969 0.031250
0 0.611328 0.722656 0.082031 0.085938
0 0.814453 0.787109 0.113281 0.082031
0 0.736328 0.855469 0.089844 0.062500
0 0.958984 0.964844 0.035156 0.054688
0 0.357422 0.339844 0.042969 0.046875
0 0.091797 0.544922 0.035156 0.027344
0 0.738281 0.941406 0.023438 0.031250
0 0.767578 0.923828 0.019531 0.027344
0 0.806641 0.238281 0.027344 0.031250
