0 0.875 0.113281 0.093750 0.062500
0 0.8066409999999999 0.154297 0.058594 0.050781
0 0.673828 0.121094 0.066406 0.070312
0 0.3125 0.337891 0.093750 0.050781
0 0.23632799999999998 0.056641 0.113281 0.097656
0 0.05273399999999995 0.142578 0.074219 0.082031
0 0.966797 0.265625 0.058594 0.046875
0 0.986328 0.320312 0.019531 0.031250
0 0.804688 0.496094 0.078125 0.039062
0 0.39843799999999996 0.382812 0.039062 0.031250
0 0.08984400000000003 0.373047 0.031250 0.042969
0 0.12109400000000003 0.304688 0.039062 0.046875
0 0.8691409999999999 0.697266 0.035156 0.035156
0 0.9628909999999999 0.574219 0.035156 0.023438
0 0.41601600000000005 0.513672 0.042969 0.050781
0 0.486328 0.605469 0.035156 0.039062
0 0.714844 0.425781 0.031250 0.031250
0 0.65625 0.447266 0.046875 0.035156
0 0.6660159999999999 0.666016 0.042969 0.035156
0 0.625 0.695312 0.023438 0.039062
0 0.898438 0.771484 0.046875 0.035156
0 0.923828 0.814453 0.058594 0.027344
0 0.738281 0.757812 0.023438 0.039062
0 0.792969 0.871094 0.031250 0.039062
0 0.7421880000000001 0.861328 0.039062 0.035156
0 0.7441409999999999 0.933594 0.035156 0.046875
0 0.789062 0.941406 0.031250 0.039062
0 0.8808590000000001 0.878906 0.027344 0.031250
0 0.21875 0.804688 0.031250 0.046875
0 0.35546900000000003 0.917969 0.039062 0.039062
0 0.33203099999999997 0.955078 0.039062 0.035156
0 0.021483999999999948 0.673828 0.035156 0.050781
