0 0.400391 0.035156 0.183594 0.062500
0 0.876953 0.154297 0.246094 0.222656
0 0.513672 0.546875 0.066406 0.062500
0 0.343750 0.197266 0.054688 0.050781
0 0.427734 0.666016 0.058594 0.066406
0 0.603516 0.769531 0.050781 0.070312
0 0.474609 0.875000 0.058594 0.070312
0 0.789062 0.947266 0.054688 0.050781
0 0.246094 0.810547 0.148438 0.105469
0 0.066406 0.757812 0.093750 0.078125
0 0.533203 0.808594 0.042969 0.046875
0 0.330078 0.472656 0.089844 0.070312
0 0.390625 0.318359 0.023438 0.027344
0 0.015625 0.671875 0.023438 0.031250
