0 0.5996090000000001 0.035156 0.183594 0.062500
0 0.12304700000000002 0.154297 0.246094 0.222656
0 0.486328 0.546875 0.066406 0.062500
0 0.65625 0.197266 0.054688 0.050781
0 0.5722659999999999 0.666016 0.058594 0.066406
0 0.39648399999999995 0.769531 0.050781 0.070312
0 0.5253909999999999 0.875000 0.058594 0.070312
0 0.21093799999999996 0.947266 0.054688 0.050781
0 0.753906 0.810547 0.148438 0.105469
0 0.933594 0.757812 0.093750 0.078125
0 0.466797 0.808594 0.042969 0.046875
0 0.669922 0.472656 0.089844 0.070312
0 0.609375 0.318359 0.023438 0.027344
0 0.984375 0.671875 0.023438 0.031250
