0 0.996094 0.140625 0.000000 0.062500
0 0.933594 0.173828 0.039062 0.042969
0 0.832031 0.257812 0.031250 0.031250
0 0.826172 0.298828 0.042969 0.042969
0 0.892578 0.296875 0.058594 0.054688
0 0.785156 0.884766 0.140625 0.105469
0 0.904297 0.505859 0.050781 0.035156
0 0.5566409999999999 0.125000 0.089844 0.062500
0 0.6660159999999999 0.205078 0.035156 0.050781
0 0.482422 0.167969 0.035156 0.046875
0 0.44335899999999995 0.017578 0.097656 0.027344
0 0.23632799999999998 0.230469 0.035156 0.031250
0 0.296875 0.310547 0.039062 0.042969
0 0.33593799999999996 0.410156 0.039062 0.070312
0 0.28906200000000004 0.478516 0.062500 0.035156
0 0.20898399999999995 0.544922 0.144531 0.113281
0 0.49609400000000003 0.755859 0.039062 0.035156
0 0.47656200000000004 0.669922 0.023438 0.035156
0 0.03906200000000004 0.708984 0.039062 0.042969
0 0.011719000000000035 0.683594 0.023438 0.039062
0 0.972656 0.662109 0.023438 0.027344
