0 0.730469 0.285156 0.031250 0.031250
0 0.658203 0.324219 0.035156 0.054688
0 0.625 0.408203 0.039062 0.058594
0 0.5410159999999999 0.412109 0.042969 0.035156
0 0.47265599999999997 0.412109 0.062500 0.066406
0 0.847656 0.591797 0.031250 0.027344
0 0.41601600000000005 0.619141 0.042969 0.035156
0 0.808594 0.119141 0.085938 0.066406
0 0.777344 0.037109 0.070312 0.058594
0 0.703125 0.021484 0.070312 0.035156
0 0.859375 0.742188 0.156250 0.085938
0 0.48828099999999997 0.820312 0.031250 0.039062
0 0.33398399999999995 0.929688 0.074219 0.085938
0 0.46093799999999996 0.919922 0.039062 0.027344
0 0.47656200000000004 0.984375 0.085938 0.031250
0 0.14648399999999995 0.966797 0.042969 0.042969
0 0.25585899999999995 0.148438 0.035156 0.046875
0 0.359375 0.179688 0.031250 0.031250
0 0.19140599999999997 0.103516 0.031250 0.035156
0 0.527344 0.041016 0.046875 0.035156
0 0.90625 0.988281 0.039062 0.023438
0 0.498047 0.150391 0.035156 0.027344
0 0.058594000000000035 0.099609 0.031250 0.035156
