0 0.898438 0.189453 0.046875 0.058594
0 0.839844 0.314453 0.039062 0.035156
0 0.9160159999999999 0.132812 0.042969 0.046875
0 0.919922 0.572266 0.058594 0.066406
0 0.863281 0.634766 0.046875 0.042969
0 0.5253909999999999 0.490234 0.042969 0.042969
0 0.580078 0.265625 0.035156 0.031250
0 0.203125 0.408203 0.039062 0.050781
0 0.773438 0.962891 0.054688 0.074219
0 0.279297 0.970703 0.097656 0.058594
0 0.707031 0.677734 0.054688 0.058594
0 0.914062 0.980469 0.046875 0.039062
0 0.47265599999999997 0.224609 0.046875 0.050781
0 0.673828 0.197266 0.035156 0.042969
0 0.44140599999999997 0.103516 0.039062 0.042969
0 0.27539100000000005 0.048828 0.035156 0.042969
0 0.03710899999999995 0.275391 0.050781 0.050781
0 0.09960899999999995 0.636719 0.058594 0.054688
0 0.22851600000000005 0.880859 0.027344 0.035156
0 0.7910159999999999 0.136719 0.042969 0.039062
0 0.890625 0.515625 0.054688 0.046875
0 0.558594 0.058594 0.039062 0.039062
