0 0.101562 0.189453 0.046875 0.058594
0 0.160156 0.314453 0.039062 0.035156
0 0.083984 0.132812 0.042969 0.046875
0 0.080078 0.572266 0.058594 0.066406
0 0.136719 0.634766 0.046875 0.042969
0 0.474609 0.490234 0.042969 0.042969
0 0.419922 0.265625 0.035156 0.031250
0 0.796875 0.408203 0.039062 0.050781
0 0.226562 0.962891 0.054688 0.074219
0 0.720703 0.970703 0.097656 0.058594
0 0.292969 0.677734 0.054688 0.058594
0 0.085938 0.980469 0.046875 0.039062
0 0.527344 0.224609 0.046875 0.050781
0 0.326172 0.197266 0.035156 0.042969
0 0.558594 0.103516 0.039062 0.042969
0 0.724609 0.048828 0.035156 0.042969
0 0.962891 0.275391 0.050781 0.050781
0 0.900391 0.636719 0.058594 0.054688
0 0.771484 0.880859 0.027344 0.035156
0 0.208984 0.136719 0.042969 0.039062
0 0.109375 0.515625 0.054688 0.046875
0 0.441406 0.058594 0.039062 0.039062
