0 0.06445299999999998 0.164062 0.035156 0.031250
0 0.171875 0.285156 0.054688 0.054688
0 0.29101600000000005 0.140625 0.027344 0.031250
0 0.27343799999999996 0.279297 0.039062 0.042969
0 0.1875 0.373047 0.062500 0.058594
0 0.251953 0.437500 0.097656 0.078125
0 0.07226600000000005 0.394531 0.035156 0.039062
0 0.894531 0.212891 0.031250 0.035156
0 0.8066409999999999 0.248047 0.042969 0.035156
0 0.953125 0.406250 0.031250 0.039062
0 0.904297 0.515625 0.042969 0.046875
0 0.8808590000000001 0.640625 0.042969 0.031250
0 0.714844 0.957031 0.046875 0.039062
0 0.820312 0.958984 0.046875 0.035156
0 0.41796900000000003 0.691406 0.046875 0.039062
0 0.27734400000000003 0.660156 0.046875 0.062500
0 0.597656 0.525391 0.031250 0.027344
0 0.574219 0.503906 0.039062 0.031250
0 0.808594 0.583984 0.039062 0.035156
0 0.046875 0.681641 0.054688 0.066406
0 0.21679700000000002 0.121094 0.035156 0.062500
0 0.361328 0.560547 0.035156 0.042969
0 0.5683590000000001 0.224609 0.042969 0.027344
0 0.765625 0.767578 0.031250 0.035156
0 0.06445299999999998 0.548828 0.027344 0.027344
