0 0.941406 0.173828 0.062500 0.074219
0 0.945312 0.541016 0.023438 0.042969
0 0.8222659999999999 0.712891 0.042969 0.050781
0 0.673828 0.871094 0.042969 0.046875
0 0.96875 0.830078 0.031250 0.027344
0 0.33593799999999996 0.314453 0.062500 0.050781
0 0.027344000000000035 0.863281 0.054688 0.078125
0 0.125 0.591797 0.039062 0.035156
0 0.25390599999999997 0.923828 0.031250 0.035156
0 0.22851600000000005 0.976562 0.042969 0.046875
0 0.7246090000000001 0.449219 0.035156 0.039062
0 0.6875 0.726562 0.031250 0.031250
0 0.22851600000000005 0.613281 0.027344 0.031250
