0 0.017577999999999983 0.242188 0.035156 0.046875
0 0.013672000000000017 0.296875 0.027344 0.039062
0 0.892578 0.595703 0.035156 0.035156
0 0.746094 0.638672 0.031250 0.035156
0 0.794922 0.865234 0.058594 0.050781
0 0.21875 0.722656 0.062500 0.062500
0 0.404297 0.449219 0.027344 0.031250
0 0.42968799999999996 0.750000 0.039062 0.031250
0 0.47851600000000005 0.843750 0.027344 0.031250
0 0.07031200000000004 0.599609 0.031250 0.035156
0 0.08007799999999998 0.503906 0.035156 0.031250
0 0.09179700000000002 0.812500 0.035156 0.039062
0 0.0625 0.878906 0.031250 0.039062
0 0.5 0.238281 0.046875 0.039062
0 0.43359400000000003 0.908203 0.031250 0.027344
0 0.984375 0.611328 0.023438 0.035156
0 0.9628909999999999 0.740234 0.027344 0.027344
0 0.5839840000000001 0.816406 0.019531 0.023438
0 0.986328 0.968750 0.019531 0.031250
0 0.5683590000000001 0.244141 0.050781 0.042969
0 0.935547 0.839844 0.019531 0.023438
