0 0.982422 0.242188 0.035156 0.046875
0 0.986328 0.296875 0.027344 0.039062
0 0.107422 0.595703 0.035156 0.035156
0 0.253906 0.638672 0.031250 0.035156
0 0.205078 0.865234 0.058594 0.050781
0 0.781250 0.722656 0.062500 0.062500
0 0.595703 0.449219 0.027344 0.031250
0 0.570312 0.750000 0.039062 0.031250
0 0.521484 0.843750 0.027344 0.031250
0 0.929688 0.599609 0.031250 0.035156
0 0.919922 0.503906 0.035156 0.031250
0 0.908203 0.812500 0.035156 0.039062
0 0.937500 0.878906 0.031250 0.039062
0 0.500000 0.238281 0.046875 0.039062
0 0.566406 0.908203 0.031250 0.027344
0 0.015625 0.611328 0.023438 0.035156
0 0.037109 0.740234 0.027344 0.027344
0 0.416016 0.816406 0.019531 0.023438
0 0.013672 0.968750 0.019531 0.031250
0 0.431641 0.244141 0.050781 0.042969
0 0.064453 0.839844 0.019531 0.023438
