0 0.892578 0.013672 0.050781 0.019531
0 0.796875 0.203125 0.039062 0.046875
0 0.11914100000000005 0.109375 0.035156 0.023438
0 0.6777340000000001 0.630859 0.042969 0.035156
0 0.982422 0.324219 0.027344 0.023438
0 0.28906200000000004 0.667969 0.054688 0.062500
0 0.466797 0.376953 0.035156 0.035156
0 0.976562 0.927734 0.039062 0.035156
0 0.621094 0.919922 0.031250 0.035156
0 0.748047 0.714844 0.035156 0.039062
0 0.13671900000000003 0.960938 0.039062 0.031250
0 0.33593799999999996 0.806641 0.039062 0.042969
0 0.16210899999999995 0.669922 0.027344 0.035156
0 0.7246090000000001 0.044922 0.035156 0.035156
0 0.04101600000000005 0.906250 0.042969 0.039062
0 0.19140599999999997 0.761719 0.062500 0.046875
0 0.5234380000000001 0.123047 0.031250 0.035156
