0 0.107422 0.013672 0.050781 0.019531
0 0.203125 0.203125 0.039062 0.046875
0 0.880859 0.109375 0.035156 0.023438
0 0.322266 0.630859 0.042969 0.035156
0 0.017578 0.324219 0.027344 0.023438
0 0.710938 0.667969 0.054688 0.062500
0 0.533203 0.376953 0.035156 0.035156
0 0.023438 0.927734 0.039062 0.035156
0 0.378906 0.919922 0.031250 0.035156
0 0.251953 0.714844 0.035156 0.039062
0 0.863281 0.960938 0.039062 0.031250
0 0.664062 0.806641 0.039062 0.042969
0 0.837891 0.669922 0.027344 0.035156
0 0.275391 0.044922 0.035156 0.035156
0 0.958984 0.906250 0.042969 0.039062
0 0.808594 0.761719 0.062500 0.046875
0 0.476562 0.123047 0.031250 0.035156
