0 0.085938 0.283203 0.054688 0.042969
0 0.166016 0.388672 0.042969 0.035156
0 0.259766 0.207031 0.035156 0.039062
0 0.759766 0.050781 0.042969 0.031250
0 0.521484 0.376953 0.035156 0.035156
0 0.300781 0.603516 0.039062 0.050781
0 0.800781 0.458984 0.054688 0.035156
0 0.833984 0.417969 0.050781 0.039062
0 0.925781 0.583984 0.046875 0.074219
0 0.984375 0.640625 0.031250 0.046875
0 0.460938 0.683594 0.031250 0.039062
0 0.263672 0.705078 0.035156 0.042969
0 0.023438 0.646484 0.039062 0.050781
0 0.621094 0.951172 0.031250 0.035156
0 0.621094 0.189453 0.039062 0.035156
0 0.453125 0.373047 0.031250 0.042969
0 0.703125 0.550781 0.039062 0.031250
