0 0.982422 0.212891 0.027344 0.027344
0 0.974609 0.375000 0.042969 0.039062
0 0.720703 0.371094 0.042969 0.039062
0 0.78125 0.355469 0.031250 0.023438
0 0.794922 0.470703 0.027344 0.035156
0 0.621094 0.447266 0.031250 0.035156
0 0.6953119999999999 0.476562 0.039062 0.031250
0 0.890625 0.535156 0.039062 0.031250
0 0.90625 0.683594 0.039062 0.031250
0 0.7441409999999999 0.593750 0.035156 0.039062
0 0.470703 0.523438 0.042969 0.039062
0 0.18164100000000005 0.125000 0.050781 0.046875
0 0.12304700000000002 0.343750 0.027344 0.031250
0 0.23632799999999998 0.582031 0.035156 0.046875
0 0.20117200000000002 0.486328 0.042969 0.042969
0 0.234375 0.847656 0.031250 0.031250
0 0.31640599999999997 0.818359 0.023438 0.035156
0 0.035155999999999965 0.310547 0.039062 0.042969
0 0.7402340000000001 0.935547 0.027344 0.050781
0 0.736328 0.832031 0.035156 0.031250
0 0.578125 0.982422 0.046875 0.027344
0 0.892578 0.919922 0.035156 0.027344
0 0.9003909999999999 0.970703 0.035156 0.035156
0 0.6796880000000001 0.312500 0.039062 0.031250
0 0.294922 0.943359 0.042969 0.035156
0 0.06054700000000002 0.947266 0.035156 0.042969
