0 0.017578 0.212891 0.027344 0.027344
0 0.025391 0.375000 0.042969 0.039062
0 0.279297 0.371094 0.042969 0.039062
0 0.218750 0.355469 0.031250 0.023438
0 0.205078 0.470703 0.027344 0.035156
0 0.378906 0.447266 0.031250 0.035156
0 0.304688 0.476562 0.039062 0.031250
0 0.109375 0.535156 0.039062 0.031250
0 0.093750 0.683594 0.039062 0.031250
0 0.255859 0.593750 0.035156 0.039062
0 0.529297 0.523438 0.042969 0.039062
0 0.818359 0.125000 0.050781 0.046875
0 0.876953 0.343750 0.027344 0.031250
0 0.763672 0.582031 0.035156 0.046875
0 0.798828 0.486328 0.042969 0.042969
0 0.765625 0.847656 0.031250 0.031250
0 0.683594 0.818359 0.023438 0.035156
0 0.964844 0.310547 0.039062 0.042969
0 0.259766 0.935547 0.027344 0.050781
0 0.263672 0.832031 0.035156 0.031250
0 0.421875 0.982422 0.046875 0.027344
0 0.107422 0.919922 0.035156 0.027344
0 0.099609 0.970703 0.035156 0.035156
0 0.320312 0.312500 0.039062 0.031250
0 0.705078 0.943359 0.042969 0.035156
0 0.939453 0.947266 0.035156 0.042969
