0 0.8378909999999999 0.457031 0.035156 0.031250
0 0.36328099999999997 0.437500 0.054688 0.031250
0 0.3125 0.144531 0.031250 0.039062
0 0.751953 0.201172 0.027344 0.027344
0 0.5527340000000001 0.136719 0.027344 0.031250
0 0.7128909999999999 0.480469 0.027344 0.031250
0 0.861328 0.662109 0.035156 0.035156
0 0.31640599999999997 0.820312 0.023438 0.031250
0 0.08789100000000005 0.886719 0.050781 0.039062
0 0.345703 0.693359 0.042969 0.027344
0 0.503906 0.544922 0.078125 0.042969
0 0.558594 0.775391 0.046875 0.027344
0 0.484375 0.105469 0.039062 0.023438
0 0.5390619999999999 0.341797 0.031250 0.035156
0 0.451172 0.914062 0.035156 0.039062
0 0.251953 0.949219 0.042969 0.039062
