0 0.162109 0.457031 0.035156 0.031250
0 0.636719 0.437500 0.054688 0.031250
0 0.687500 0.144531 0.031250 0.039062
0 0.248047 0.201172 0.027344 0.027344
0 0.447266 0.136719 0.027344 0.031250
0 0.287109 0.480469 0.027344 0.031250
0 0.138672 0.662109 0.035156 0.035156
0 0.683594 0.820312 0.023438 0.031250
0 0.912109 0.886719 0.050781 0.039062
0 0.654297 0.693359 0.042969 0.027344
0 0.496094 0.544922 0.078125 0.042969
0 0.441406 0.775391 0.046875 0.027344
0 0.515625 0.105469 0.039062 0.023438
0 0.460938 0.341797 0.031250 0.035156
0 0.548828 0.914062 0.035156 0.039062
0 0.748047 0.949219 0.042969 0.039062
