0 0.769531 0.648438 0.031250 0.031250
0 0.851562 0.314453 0.031250 0.027344
0 0.669922 0.156250 0.035156 0.031250
0 0.707031 0.257812 0.039062 0.039062
0 0.22070299999999998 0.091797 0.035156 0.035156
0 0.5410159999999999 0.314453 0.058594 0.035156
0 0.421875 0.142578 0.031250 0.035156
0 0.515625 0.269531 0.039062 0.031250
0 0.53125 0.640625 0.039062 0.031250
0 0.49609400000000003 0.417969 0.031250 0.039062
0 0.699219 0.496094 0.046875 0.031250
0 0.7128909999999999 0.681641 0.035156 0.035156
0 0.8027340000000001 0.804688 0.035156 0.039062
0 0.15039100000000005 0.568359 0.050781 0.066406
0 0.35351600000000005 0.630859 0.042969 0.035156
0 0.43164100000000005 0.826172 0.042969 0.035156
0 0.36718799999999996 0.845703 0.023438 0.042969
0 0.20703099999999997 0.861328 0.070312 0.042969
0 0.19335899999999995 0.814453 0.058594 0.042969
0 0.08398399999999995 0.820312 0.042969 0.062500
0 0.14453099999999997 0.968750 0.140625 0.062500
0 0.11132799999999998 0.216797 0.066406 0.058594
0 0.792969 0.091797 0.031250 0.019531
0 0.5566409999999999 0.453125 0.027344 0.031250
