0 0.230469 0.648438 0.031250 0.031250
0 0.148438 0.314453 0.031250 0.027344
0 0.330078 0.156250 0.035156 0.031250
0 0.292969 0.257812 0.039062 0.039062
0 0.779297 0.091797 0.035156 0.035156
0 0.458984 0.314453 0.058594 0.035156
0 0.578125 0.142578 0.031250 0.035156
0 0.484375 0.269531 0.039062 0.031250
0 0.468750 0.640625 0.039062 0.031250
0 0.503906 0.417969 0.031250 0.039062
0 0.300781 0.496094 0.046875 0.031250
0 0.287109 0.681641 0.035156 0.035156
0 0.197266 0.804688 0.035156 0.039062
0 0.849609 0.568359 0.050781 0.066406
0 0.646484 0.630859 0.042969 0.035156
0 0.568359 0.826172 0.042969 0.035156
0 0.632812 0.845703 0.023438 0.042969
0 0.792969 0.861328 0.070312 0.042969
0 0.806641 0.814453 0.058594 0.042969
0 0.916016 0.820312 0.042969 0.062500
0 0.855469 0.968750 0.140625 0.062500
0 0.888672 0.216797 0.066406 0.058594
0 0.207031 0.091797 0.031250 0.019531
0 0.443359 0.453125 0.027344 0.031250
