0 0.949219 0.218750 0.039062 0.039062
0 0.763672 0.285156 0.035156 0.039062
0 0.861328 0.460938 0.042969 0.039062
0 0.685547 0.474609 0.050781 0.042969
0 0.503906 0.570312 0.062500 0.062500
0 0.919922 0.371094 0.035156 0.031250
0 0.32031200000000004 0.435547 0.039062 0.042969
0 0.984375 0.824219 0.023438 0.039062
0 0.675781 0.833984 0.039062 0.050781
0 0.861328 0.714844 0.035156 0.039062
0 0.050780999999999965 0.533203 0.031250 0.035156
0 0.873047 0.964844 0.035156 0.039062
0 0.845703 0.427734 0.035156 0.035156
0 0.527344 0.898438 0.039062 0.031250
