0 0.050781 0.218750 0.039062 0.039062
0 0.236328 0.285156 0.035156 0.039062
0 0.138672 0.460938 0.042969 0.039062
0 0.314453 0.474609 0.050781 0.042969
0 0.496094 0.570312 0.062500 0.062500
0 0.080078 0.371094 0.035156 0.031250
0 0.679688 0.435547 0.039062 0.042969
0 0.015625 0.824219 0.023438 0.039062
0 0.324219 0.833984 0.039062 0.050781
0 0.138672 0.714844 0.035156 0.039062
0 0.949219 0.533203 0.031250 0.035156
0 0.126953 0.964844 0.035156 0.039062
0 0.154297 0.427734 0.035156 0.035156
0 0.472656 0.898438 0.039062 0.031250
