0 0.11914100000000005 0.023438 0.113281 0.039062
0 0.03320299999999998 0.064453 0.066406 0.058594
0 0.029297000000000017 0.130859 0.058594 0.058594
0 0.03320299999999998 0.375000 0.066406 0.062500
0 0.029297000000000017 0.421875 0.058594 0.039062
0 0.021483999999999948 0.603516 0.042969 0.082031
0 0.16015599999999997 0.337891 0.062500 0.050781
0 0.35546900000000003 0.447266 0.046875 0.042969
0 0.298828 0.447266 0.042969 0.058594
0 0.25781200000000004 0.429688 0.054688 0.070312
0 0.960938 0.671875 0.031250 0.046875
0 0.9589840000000001 0.617188 0.035156 0.039062
0 0.15429700000000002 0.724609 0.074219 0.082031
0 0.611328 0.515625 0.050781 0.031250
0 0.910156 0.117188 0.039062 0.031250
0 0.800781 0.265625 0.031250 0.039062
0 0.8378909999999999 0.873047 0.035156 0.027344
0 0.47265599999999997 0.861328 0.046875 0.035156
0 0.19140599999999997 0.185547 0.023438 0.027344
0 0.16992200000000002 0.808594 0.050781 0.039062
