0 0.880859 0.023438 0.113281 0.039062
0 0.966797 0.064453 0.066406 0.058594
0 0.970703 0.130859 0.058594 0.058594
0 0.966797 0.375000 0.066406 0.062500
0 0.970703 0.421875 0.058594 0.039062
0 0.978516 0.603516 0.042969 0.082031
0 0.839844 0.337891 0.062500 0.050781
0 0.644531 0.447266 0.046875 0.042969
0 0.701172 0.447266 0.042969 0.058594
0 0.742188 0.429688 0.054688 0.070312
0 0.039062 0.671875 0.031250 0.046875
0 0.041016 0.617188 0.035156 0.039062
0 0.845703 0.724609 0.074219 0.082031
0 0.388672 0.515625 0.050781 0.031250
0 0.089844 0.117188 0.039062 0.031250
0 0.199219 0.265625 0.031250 0.039062
0 0.162109 0.873047 0.035156 0.027344
0 0.527344 0.861328 0.046875 0.035156
0 0.808594 0.185547 0.023438 0.027344
0 0.830078 0.808594 0.050781 0.039062
