0 0.9277340000000001 0.083984 0.136719 0.058594
0 0.984375 0.146484 0.023438 0.042969
0 0.828125 0.044922 0.070312 0.082031
0 0.808594 0.099609 0.046875 0.042969
0 0.5371090000000001 0.167969 0.121094 0.062500
0 0.5566409999999999 0.224609 0.066406 0.035156
0 0.6933590000000001 0.316406 0.175781 0.101562
0 0.455078 0.068359 0.042969 0.042969
0 0.566406 0.068359 0.031250 0.035156
0 0.37890599999999997 0.080078 0.031250 0.042969
0 0.40234400000000003 0.304688 0.109375 0.093750
0 0.09179700000000002 0.179688 0.035156 0.054688
0 0.25585899999999995 0.121094 0.042969 0.039062
0 0.26171900000000003 0.548828 0.062500 0.042969
0 0.910156 0.320312 0.031250 0.039062
0 0.888672 0.345703 0.050781 0.035156
0 0.957031 0.416016 0.078125 0.050781
0 0.7871090000000001 0.589844 0.082031 0.062500
0 0.9375 0.595703 0.062500 0.058594
0 0.988281 0.603516 0.015625 0.066406
0 0.8535159999999999 0.724609 0.042969 0.042969
0 0.7753909999999999 0.744141 0.066406 0.050781
0 0.5410159999999999 0.976562 0.089844 0.046875
0 0.13281200000000004 0.937500 0.046875 0.054688
0 0.07226600000000005 0.939453 0.058594 0.066406
0 0.27734400000000003 0.046875 0.039062 0.039062
0 0.783203 0.947266 0.042969 0.042969
