0 0.072266 0.083984 0.136719 0.058594
0 0.015625 0.146484 0.023438 0.042969
0 0.171875 0.044922 0.070312 0.082031
0 0.191406 0.099609 0.046875 0.042969
0 0.462891 0.167969 0.121094 0.062500
0 0.443359 0.224609 0.066406 0.035156
0 0.306641 0.316406 0.175781 0.101562
0 0.544922 0.068359 0.042969 0.042969
0 0.433594 0.068359 0.031250 0.035156
0 0.621094 0.080078 0.031250 0.042969
0 0.597656 0.304688 0.109375 0.093750
0 0.908203 0.179688 0.035156 0.054688
0 0.744141 0.121094 0.042969 0.039062
0 0.738281 0.548828 0.062500 0.042969
0 0.089844 0.320312 0.031250 0.039062
0 0.111328 0.345703 0.050781 0.035156
0 0.042969 0.416016 0.078125 0.050781
0 0.212891 0.589844 0.082031 0.062500
0 0.062500 0.595703 0.062500 0.058594
0 0.011719 0.603516 0.015625 0.066406
0 0.146484 0.724609 0.042969 0.042969
0 0.224609 0.744141 0.066406 0.050781
0 0.458984 0.976562 0.089844 0.046875
0 0.867188 0.937500 0.046875 0.054688
0 0.927734 0.939453 0.058594 0.066406
0 0.722656 0.046875 0.039062 0.039062
0 0.216797 0.947266 0.042969 0.042969
