0 0.980469 0.722656 0.031250 0.046875
0 0.6875 0.119141 0.046875 0.042969
0 0.84375 0.785156 0.054688 0.062500
0 0.8066409999999999 0.894531 0.035156 0.039062
0 0.722656 0.921875 0.039062 0.031250
0 0.699219 0.896484 0.031250 0.035156
0 0.654297 0.931641 0.042969 0.050781
0 0.16992200000000002 0.882812 0.089844 0.046875
0 0.15429700000000002 0.304688 0.035156 0.031250
0 0.27539100000000005 0.017578 0.035156 0.027344
0 0.07031200000000004 0.330078 0.054688 0.042969
0 0.009766000000000052 0.443359 0.019531 0.035156
