0 0.38281200000000004 0.076172 0.039062 0.042969
0 0.46289100000000005 0.013672 0.035156 0.019531
0 0.20117200000000002 0.187500 0.035156 0.039062
0 0.5878909999999999 0.441406 0.035156 0.039062
0 0.013672000000000017 0.193359 0.027344 0.027344
0 0.035155999999999965 0.267578 0.031250 0.042969
0 0.623047 0.197266 0.035156 0.027344
0 0.30273399999999995 0.130859 0.027344 0.035156
0 0.6464840000000001 0.513672 0.035156 0.035156
0 0.6503909999999999 0.675781 0.035156 0.031250
0 0.330078 0.957031 0.035156 0.054688
0 0.37109400000000003 0.789062 0.023438 0.039062
0 0.28710899999999995 0.781250 0.027344 0.039062
0 0.263672 0.876953 0.035156 0.035156
0 0.07031200000000004 0.498047 0.031250 0.042969
0 0.21484400000000003 0.636719 0.039062 0.039062
0 0.12890599999999997 0.042969 0.031250 0.031250
