0 0.617188 0.076172 0.039062 0.042969
0 0.537109 0.013672 0.035156 0.019531
0 0.798828 0.187500 0.035156 0.039062
0 0.412109 0.441406 0.035156 0.039062
0 0.986328 0.193359 0.027344 0.027344
0 0.964844 0.267578 0.031250 0.042969
0 0.376953 0.197266 0.035156 0.027344
0 0.697266 0.130859 0.027344 0.035156
0 0.353516 0.513672 0.035156 0.035156
0 0.349609 0.675781 0.035156 0.031250
0 0.669922 0.957031 0.035156 0.054688
0 0.628906 0.789062 0.023438 0.039062
0 0.712891 0.781250 0.027344 0.039062
0 0.736328 0.876953 0.035156 0.035156
0 0.929688 0.498047 0.031250 0.042969
0 0.785156 0.636719 0.039062 0.039062
0 0.871094 0.042969 0.031250 0.031250
