0 0.917969 0.132812 0.039062 0.039062
0 0.982422 0.378906 0.027344 0.054688
0 0.7714840000000001 0.294922 0.042969 0.035156
0 0.503906 0.550781 0.031250 0.031250
0 0.47460899999999995 0.574219 0.027344 0.031250
0 0.7441409999999999 0.666016 0.019531 0.019531
0 0.38476600000000005 0.626953 0.035156 0.035156
0 0.8027340000000001 0.896484 0.035156 0.027344
0 0.732422 0.947266 0.027344 0.042969
0 0.46875 0.031250 0.031250 0.039062
0 0.511719 0.066406 0.046875 0.054688
0 0.810547 0.107422 0.042969 0.035156
0 0.722656 0.087891 0.031250 0.042969
0 0.15039100000000005 0.294922 0.027344 0.027344
0 0.07226600000000005 0.332031 0.050781 0.039062
0 0.203125 0.816406 0.023438 0.031250
