0 0.082031 0.132812 0.039062 0.039062
0 0.017578 0.378906 0.027344 0.054688
0 0.228516 0.294922 0.042969 0.035156
0 0.496094 0.550781 0.031250 0.031250
0 0.525391 0.574219 0.027344 0.031250
0 0.255859 0.666016 0.019531 0.019531
0 0.615234 0.626953 0.035156 0.035156
0 0.197266 0.896484 0.035156 0.027344
0 0.267578 0.947266 0.027344 0.042969
0 0.531250 0.031250 0.031250 0.039062
0 0.488281 0.066406 0.046875 0.054688
0 0.189453 0.107422 0.042969 0.035156
0 0.277344 0.087891 0.031250 0.042969
0 0.849609 0.294922 0.027344 0.027344
0 0.927734 0.332031 0.050781 0.039062
0 0.796875 0.816406 0.023438 0.031250
