0 0.730469 0.058594 0.148438 0.101562
0 0.5390619999999999 0.208984 0.046875 0.058594
0 0.48046900000000003 0.316406 0.078125 0.062500
0 0.41796900000000003 0.332031 0.062500 0.039062
0 0.34960899999999995 0.435547 0.042969 0.058594
0 0.574219 0.457031 0.078125 0.054688
0 0.14843799999999996 0.599609 0.046875 0.042969
0 0.5371090000000001 0.660156 0.066406 0.054688
0 0.613281 0.693359 0.023438 0.035156
0 0.548828 0.931641 0.050781 0.042969
0 0.31640599999999997 0.023438 0.039062 0.031250
0 0.6640619999999999 0.138672 0.039062 0.027344
0 0.751953 0.160156 0.027344 0.039062
