0 0.08789100000000005 0.101562 0.042969 0.046875
0 0.34960899999999995 0.042969 0.074219 0.054688
0 0.22460899999999995 0.113281 0.058594 0.062500
0 0.12304700000000002 0.230469 0.050781 0.031250
0 0.017577999999999983 0.523438 0.035156 0.117188
0 0.533203 0.421875 0.183594 0.085938
0 0.41796900000000003 0.550781 0.156250 0.125000
0 0.36914100000000005 0.628906 0.042969 0.039062
0 0.361328 0.705078 0.089844 0.074219
0 0.21875 0.738281 0.054688 0.062500
0 0.07226600000000005 0.589844 0.058594 0.062500
0 0.660156 0.664062 0.046875 0.031250
0 0.785156 0.810547 0.039062 0.042969
0 0.923828 0.736328 0.042969 0.042969
0 0.8378909999999999 0.832031 0.050781 0.070312
0 0.982422 0.941406 0.027344 0.046875
0 0.15234400000000003 0.839844 0.164062 0.117188
0 0.341797 0.841797 0.058594 0.050781
0 0.605469 0.986328 0.085938 0.027344
0 0.310547 0.939453 0.058594 0.050781
0 0.38671900000000003 0.958984 0.070312 0.050781
0 0.714844 0.285156 0.031250 0.031250
0 0.699219 0.410156 0.046875 0.031250
0 0.453125 0.943359 0.039062 0.050781
0 0.47656200000000004 0.884766 0.046875 0.042969
0 0.863281 0.259766 0.031250 0.035156
0 0.8808590000000001 0.275391 0.035156 0.042969
0 0.011719000000000035 0.685547 0.023438 0.042969
0 0.20117200000000002 0.947266 0.027344 0.027344
