0 0.912109 0.101562 0.042969 0.046875
0 0.650391 0.042969 0.074219 0.054688
0 0.775391 0.113281 0.058594 0.062500
0 0.876953 0.230469 0.050781 0.031250
0 0.982422 0.523438 0.035156 0.117188
0 0.466797 0.421875 0.183594 0.085938
0 0.582031 0.550781 0.156250 0.125000
0 0.630859 0.628906 0.042969 0.039062
0 0.638672 0.705078 0.089844 0.074219
0 0.781250 0.738281 0.054688 0.062500
0 0.927734 0.589844 0.058594 0.062500
0 0.339844 0.664062 0.046875 0.031250
0 0.214844 0.810547 0.039062 0.042969
0 0.076172 0.736328 0.042969 0.042969
0 0.162109 0.832031 0.050781 0.070312
0 0.017578 0.941406 0.027344 0.046875
0 0.847656 0.839844 0.164062 0.117188
0 0.658203 0.841797 0.058594 0.050781
0 0.394531 0.986328 0.085938 0.027344
0 0.689453 0.939453 0.058594 0.050781
0 0.613281 0.958984 0.070312 0.050781
0 0.285156 0.285156 0.031250 0.031250
0 0.300781 0.410156 0.046875 0.031250
0 0.546875 0.943359 0.039062 0.050781
0 0.523438 0.884766 0.046875 0.042969
0 0.136719 0.259766 0.031250 0.035156
0 0.119141 0.275391 0.035156 0.042969
0 0.988281 0.685547 0.023438 0.042969
0 0.798828 0.947266 0.027344 0.027344
