0 0.972656 0.167969 0.046875 0.039062
0 0.982422 0.462891 0.027344 0.042969
0 0.986328 0.822266 0.019531 0.027344
0 0.6484380000000001 0.937500 0.031250 0.039062
0 0.628906 0.880859 0.031250 0.035156
0 0.761719 0.265625 0.101562 0.085938
0 0.626953 0.142578 0.066406 0.035156
0 0.574219 0.203125 0.023438 0.023438
0 0.27539100000000005 0.017578 0.066406 0.027344
0 0.027344000000000035 0.027344 0.054688 0.046875
0 0.11328099999999997 0.972656 0.062500 0.031250
0 0.5097659999999999 0.939453 0.035156 0.035156
