0 0.7714840000000001 0.265625 0.121094 0.078125
0 0.6640619999999999 0.238281 0.359375 0.218750
0 0.6503909999999999 0.380859 0.066406 0.058594
0 0.546875 0.394531 0.109375 0.101562
0 0.42773399999999995 0.269531 0.113281 0.101562
0 0.675781 0.136719 0.046875 0.046875
0 0.769531 0.052734 0.046875 0.042969
0 0.705078 0.015625 0.035156 0.023438
0 0.23242200000000002 0.808594 0.035156 0.039062
0 0.23046900000000003 0.861328 0.031250 0.035156
0 0.8496090000000001 0.750000 0.035156 0.039062
0 0.125 0.726562 0.039062 0.031250
0 0.30468799999999996 0.240234 0.039062 0.050781
0 0.263672 0.242188 0.066406 0.062500
0 0.451172 0.380859 0.027344 0.035156
0 0.47656200000000004 0.062500 0.039062 0.031250
