0 0.228516 0.265625 0.121094 0.078125
0 0.335938 0.238281 0.359375 0.218750
0 0.349609 0.380859 0.066406 0.058594
0 0.453125 0.394531 0.109375 0.101562
0 0.572266 0.269531 0.113281 0.101562
0 0.324219 0.136719 0.046875 0.046875
0 0.230469 0.052734 0.046875 0.042969
0 0.294922 0.015625 0.035156 0.023438
0 0.767578 0.808594 0.035156 0.039062
0 0.769531 0.861328 0.031250 0.035156
0 0.150391 0.750000 0.035156 0.039062
0 0.875000 0.726562 0.039062 0.031250
0 0.695312 0.240234 0.039062 0.050781
0 0.736328 0.242188 0.066406 0.062500
0 0.548828 0.380859 0.027344 0.035156
0 0.523438 0.062500 0.039062 0.031250
