0 0.589844 0.531250 0.195312 0.117188
0 0.482422 0.419922 0.074219 0.058594
0 0.5722659999999999 0.701172 0.050781 0.058594
0 0.513672 0.751953 0.089844 0.074219
0 0.53125 0.007812 0.046875 0.007812
0 0.404297 0.015625 0.042969 0.023438
0 0.314453 0.095703 0.035156 0.027344
0 0.03710899999999995 0.914062 0.074219 0.070312
0 0.671875 0.755859 0.062500 0.058594
0 0.78125 0.666016 0.039062 0.042969
0 0.03906200000000004 0.041016 0.078125 0.074219
0 0.021483999999999948 0.462891 0.035156 0.050781
0 0.935547 0.904297 0.042969 0.050781
