0 0.933594 0.144531 0.046875 0.070312
0 0.890625 0.132812 0.039062 0.054688
0 0.8027340000000001 0.248047 0.066406 0.082031
0 0.654297 0.296875 0.082031 0.054688
0 0.548828 0.132812 0.097656 0.109375
0 0.5253909999999999 0.240234 0.089844 0.089844
0 0.388672 0.287109 0.097656 0.128906
0 0.26171900000000003 0.025391 0.062500 0.042969
0 0.96875 0.671875 0.039062 0.039062
0 0.9628909999999999 0.710938 0.066406 0.062500
0 0.9121090000000001 0.695312 0.058594 0.062500
0 0.859375 0.634766 0.070312 0.050781
0 0.888672 0.587891 0.035156 0.042969
0 0.761719 0.529297 0.046875 0.042969
0 0.777344 0.568359 0.031250 0.035156
0 0.976562 0.572266 0.023438 0.035156
0 0.800781 0.777344 0.390625 0.148438
0 0.5390619999999999 0.957031 0.273438 0.085938
0 0.09960899999999995 0.681641 0.097656 0.074219
0 0.03125 0.636719 0.062500 0.039062
0 0.11914100000000005 0.980469 0.097656 0.039062
0 0.03710899999999995 0.976562 0.042969 0.046875
0 0.882812 0.025391 0.054688 0.042969
0 0.42578099999999997 0.359375 0.039062 0.031250
0 0.23046900000000003 0.171875 0.046875 0.054688
0 0.375 0.587891 0.046875 0.042969
