0 0.158203 0.267578 0.066406 0.042969
0 0.113281 0.361328 0.046875 0.035156
0 0.330078 0.085938 0.035156 0.039062
0 0.240234 0.214844 0.050781 0.039062
0 0.457031 0.228516 0.039062 0.042969
0 0.882812 0.205078 0.039062 0.058594
0 0.865234 0.269531 0.042969 0.039062
0 0.798828 0.130859 0.042969 0.042969
0 0.851562 0.109375 0.046875 0.046875
0 0.167969 0.748047 0.062500 0.058594
0 0.263672 0.779297 0.058594 0.050781
0 0.253906 0.839844 0.085938 0.078125
0 0.361328 0.800781 0.050781 0.039062
0 0.369141 0.843750 0.113281 0.085938
0 0.146484 0.937500 0.066406 0.054688
0 0.230469 0.939453 0.117188 0.082031
0 0.343750 0.943359 0.062500 0.050781
0 0.371094 0.958984 0.109375 0.082031
0 0.488281 0.939453 0.179688 0.121094
0 0.916016 0.855469 0.027344 0.039062
0 0.515625 0.230469 0.031250 0.039062
