0 0.685547 0.197266 0.074219 0.050781
0 0.705078 0.271484 0.042969 0.035156
0 0.43164100000000005 0.554688 0.175781 0.156250
0 0.341797 0.470703 0.066406 0.113281
0 0.18164100000000005 0.648438 0.191406 0.093750
0 0.25390599999999997 0.564453 0.093750 0.089844
0 0.716797 0.716797 0.050781 0.066406
0 0.673828 0.787109 0.066406 0.058594
0 0.609375 0.792969 0.039062 0.054688
0 0.578125 0.873047 0.054688 0.050781
0 0.964844 0.751953 0.062500 0.074219
0 0.015625 0.705078 0.031250 0.058594
0 0.09765599999999997 0.978516 0.070312 0.042969
0 0.8535159999999999 0.623047 0.042969 0.042969
0 0.798828 0.542969 0.042969 0.046875
0 0.878906 0.843750 0.039062 0.046875
0 0.839844 0.871094 0.039062 0.039062
