0 0.314453 0.197266 0.074219 0.050781
0 0.294922 0.271484 0.042969 0.035156
0 0.568359 0.554688 0.175781 0.156250
0 0.658203 0.470703 0.066406 0.113281
0 0.818359 0.648438 0.191406 0.093750
0 0.746094 0.564453 0.093750 0.089844
0 0.283203 0.716797 0.050781 0.066406
0 0.326172 0.787109 0.066406 0.058594
0 0.390625 0.792969 0.039062 0.054688
0 0.421875 0.873047 0.054688 0.050781
0 0.035156 0.751953 0.062500 0.074219
0 0.984375 0.705078 0.031250 0.058594
0 0.902344 0.978516 0.070312 0.042969
0 0.146484 0.623047 0.042969 0.042969
0 0.201172 0.542969 0.042969 0.046875
0 0.121094 0.843750 0.039062 0.046875
0 0.160156 0.871094 0.039062 0.039062
