0 0.666016 0.101562 0.082031 0.078125
0 0.082031 0.234375 0.039062 0.039062
0 0.035156 0.705078 0.062500 0.105469
0 0.105469 0.742188 0.054688 0.046875
0 0.267578 0.394531 0.042969 0.054688
0 0.906250 0.257812 0.031250 0.039062
0 0.031250 0.851562 0.054688 0.046875
0 0.222656 0.951172 0.031250 0.050781
0 0.644531 0.259766 0.046875 0.050781
0 0.978516 0.365234 0.035156 0.050781
0 0.871094 0.222656 0.039062 0.031250
0 0.988281 0.187500 0.023438 0.046875
0 0.093750 0.894531 0.039062 0.054688
0 0.417969 0.234375 0.039062 0.039062
0 0.378906 0.767578 0.031250 0.042969
