0 0.736328 0.937500 0.042969 0.046875
0 0.435547 0.478516 0.035156 0.042969
0 0.423828 0.546875 0.035156 0.039062
0 0.38085899999999995 0.513672 0.042969 0.035156
0 0.08398399999999995 0.242188 0.035156 0.031250
0 0.23046900000000003 0.630859 0.039062 0.042969
0 0.16210899999999995 0.708984 0.035156 0.035156
0 0.042969000000000035 0.753906 0.031250 0.046875
0 0.125 0.976562 0.062500 0.046875
0 0.5390619999999999 0.433594 0.039062 0.039062
0 0.8339840000000001 0.154297 0.042969 0.035156
0 0.546875 0.972656 0.062500 0.046875
