0 0.5546880000000001 0.572266 0.046875 0.042969
0 0.5566409999999999 0.527344 0.042969 0.039062
0 0.453125 0.234375 0.039062 0.039062
0 0.576172 0.273438 0.035156 0.039062
0 0.486328 0.316406 0.035156 0.031250
0 0.41796900000000003 0.443359 0.101562 0.058594
0 0.765625 0.480469 0.039062 0.039062
0 0.609375 0.642578 0.054688 0.042969
0 0.7871090000000001 0.679688 0.050781 0.031250
0 0.763672 0.798828 0.042969 0.066406
0 0.22656200000000004 0.027344 0.039062 0.046875
0 0.24023399999999995 0.662109 0.035156 0.035156
0 0.27539100000000005 0.626953 0.035156 0.035156
0 0.171875 0.689453 0.031250 0.035156
0 0.59375 0.921875 0.031250 0.039062
0 0.23242200000000002 0.748047 0.035156 0.042969
0 0.298828 0.818359 0.027344 0.035156
0 0.314453 0.861328 0.042969 0.027344
