0 0.445312 0.572266 0.046875 0.042969
0 0.443359 0.527344 0.042969 0.039062
0 0.546875 0.234375 0.039062 0.039062
0 0.423828 0.273438 0.035156 0.039062
0 0.513672 0.316406 0.035156 0.031250
0 0.582031 0.443359 0.101562 0.058594
0 0.234375 0.480469 0.039062 0.039062
0 0.390625 0.642578 0.054688 0.042969
0 0.212891 0.679688 0.050781 0.031250
0 0.236328 0.798828 0.042969 0.066406
0 0.773438 0.027344 0.039062 0.046875
0 0.759766 0.662109 0.035156 0.035156
0 0.724609 0.626953 0.035156 0.035156
0 0.828125 0.689453 0.031250 0.035156
0 0.406250 0.921875 0.031250 0.039062
0 0.767578 0.748047 0.035156 0.042969
0 0.701172 0.818359 0.027344 0.035156
0 0.685547 0.861328 0.042969 0.027344
