0 0.11914100000000005 0.177734 0.089844 0.066406
0 0.263672 0.291016 0.082031 0.050781
0 0.027344000000000035 0.566406 0.054688 0.062500
0 0.716797 0.554688 0.050781 0.046875
0 0.6660159999999999 0.525391 0.050781 0.042969
0 0.984375 0.484375 0.023438 0.078125
0 0.939453 0.685547 0.113281 0.058594
0 0.7089840000000001 0.685547 0.121094 0.082031
0 0.22656200000000004 0.500000 0.062500 0.046875
0 0.06640599999999997 0.496094 0.054688 0.046875
0 0.753906 0.892578 0.039062 0.027344
0 0.558594 0.742188 0.062500 0.039062
0 0.548828 0.785156 0.058594 0.039062
0 0.800781 0.619141 0.054688 0.035156
0 0.876953 0.597656 0.035156 0.031250
0 0.902344 0.167969 0.046875 0.039062
0 0.923828 0.828125 0.035156 0.031250
0 0.029297000000000017 0.445312 0.027344 0.039062
0 0.08789100000000005 0.685547 0.167969 0.089844
0 0.03906200000000004 0.125000 0.078125 0.070312
0 0.527344 0.974609 0.046875 0.035156
0 0.392578 0.580078 0.042969 0.035156
0 0.22656200000000004 0.431641 0.031250 0.027344
