0 0.880859 0.177734 0.089844 0.066406
0 0.736328 0.291016 0.082031 0.050781
0 0.972656 0.566406 0.054688 0.062500
0 0.283203 0.554688 0.050781 0.046875
0 0.333984 0.525391 0.050781 0.042969
0 0.015625 0.484375 0.023438 0.078125
0 0.060547 0.685547 0.113281 0.058594
0 0.291016 0.685547 0.121094 0.082031
0 0.773438 0.500000 0.062500 0.046875
0 0.933594 0.496094 0.054688 0.046875
0 0.246094 0.892578 0.039062 0.027344
0 0.441406 0.742188 0.062500 0.039062
0 0.451172 0.785156 0.058594 0.039062
0 0.199219 0.619141 0.054688 0.035156
0 0.123047 0.597656 0.035156 0.031250
0 0.097656 0.167969 0.046875 0.039062
0 0.076172 0.828125 0.035156 0.031250
0 0.970703 0.445312 0.027344 0.039062
0 0.912109 0.685547 0.167969 0.089844
0 0.960938 0.125000 0.078125 0.070312
0 0.472656 0.974609 0.046875 0.035156
0 0.607422 0.580078 0.042969 0.035156
0 0.773438 0.431641 0.031250 0.027344
