0 0.636719 0.257812 0.171875 0.062500
0 0.6953119999999999 0.371094 0.195312 0.078125
0 0.675781 0.445312 0.148438 0.062500
0 0.6875 0.527344 0.062500 0.031250
0 0.9160159999999999 0.048828 0.050781 0.035156
0 0.845703 0.017578 0.058594 0.027344
0 0.7128909999999999 0.074219 0.042969 0.039062
0 0.53125 0.009766 0.046875 0.011719
0 0.25585899999999995 0.287109 0.050781 0.058594
0 0.06054700000000002 0.449219 0.066406 0.101562
0 0.125 0.439453 0.070312 0.082031
0 0.47851600000000005 0.976562 0.058594 0.046875
0 0.46875 0.660156 0.039062 0.031250
0 0.669922 0.722656 0.035156 0.039062
