0 0.363281 0.257812 0.171875 0.062500
0 0.304688 0.371094 0.195312 0.078125
0 0.324219 0.445312 0.148438 0.062500
0 0.312500 0.527344 0.062500 0.031250
0 0.083984 0.048828 0.050781 0.035156
0 0.154297 0.017578 0.058594 0.027344
0 0.287109 0.074219 0.042969 0.039062
0 0.468750 0.009766 0.046875 0.011719
0 0.744141 0.287109 0.050781 0.058594
0 0.939453 0.449219 0.066406 0.101562
0 0.875000 0.439453 0.070312 0.082031
0 0.521484 0.976562 0.058594 0.046875
0 0.531250 0.660156 0.039062 0.031250
0 0.330078 0.722656 0.035156 0.039062
