0 0.500000 0.095703 0.062500 0.050781
0 0.255859 0.228516 0.097656 0.042969
0 0.681641 0.298828 0.035156 0.042969
0 0.703125 0.673828 0.070312 0.066406
0 0.957031 0.554688 0.062500 0.046875
0 0.984375 0.863281 0.031250 0.062500
0 0.128906 0.453125 0.125000 0.078125
0 0.312500 0.724609 0.179688 0.113281
0 0.359375 0.857422 0.070312 0.058594
0 0.490234 0.574219 0.050781 0.046875
0 0.750000 0.781250 0.046875 0.054688
0 0.437500 0.525391 0.054688 0.042969
0 0.380859 0.585938 0.050781 0.031250
0 0.382812 0.671875 0.078125 0.078125
