0 0.945312 0.146484 0.046875 0.042969
0 0.203125 0.263672 0.062500 0.058594
0 0.296875 0.437500 0.031250 0.046875
0 0.26171900000000003 0.437500 0.046875 0.054688
0 0.20507799999999998 0.439453 0.042969 0.066406
0 0.96875 0.556641 0.039062 0.042969
0 0.71875 0.593750 0.039062 0.039062
0 0.7421880000000001 0.640625 0.031250 0.039062
0 0.41015599999999997 0.914062 0.039062 0.031250
0 0.1875 0.525391 0.031250 0.035156
0 0.34960899999999995 0.716797 0.027344 0.027344
0 0.24414100000000005 0.693359 0.035156 0.042969
0 0.751953 0.753906 0.042969 0.039062
0 0.574219 0.720703 0.046875 0.035156
0 0.25585899999999995 0.556641 0.019531 0.035156
0 0.9433590000000001 0.500000 0.050781 0.046875
0 0.988281 0.869141 0.015625 0.050781
