0 0.24804700000000002 0.404297 0.042969 0.042969
0 0.550781 0.167969 0.046875 0.039062
0 0.357422 0.021484 0.035156 0.035156
0 0.953125 0.164062 0.031250 0.046875
0 0.455078 0.810547 0.050781 0.042969
0 0.06640599999999997 0.263672 0.031250 0.035156
0 0.03906200000000004 0.384766 0.054688 0.035156
0 0.328125 0.585938 0.039062 0.039062
0 0.953125 0.669922 0.031250 0.035156
0 0.21289100000000005 0.910156 0.035156 0.039062
0 0.30468799999999996 0.675781 0.039062 0.039062
0 0.43164100000000005 0.304688 0.035156 0.046875
0 0.542969 0.115234 0.031250 0.035156
0 0.558594 0.078125 0.039062 0.031250
0 0.845703 0.226562 0.035156 0.039062
0 0.90625 0.814453 0.039062 0.042969
0 0.8847659999999999 0.984375 0.066406 0.031250
0 0.042969000000000035 0.556641 0.046875 0.050781
0 0.283203 0.601562 0.035156 0.039062
0 0.296875 0.792969 0.031250 0.039062
0 0.482422 0.679688 0.042969 0.039062
