0 0.751953 0.404297 0.042969 0.042969
0 0.449219 0.167969 0.046875 0.039062
0 0.642578 0.021484 0.035156 0.035156
0 0.046875 0.164062 0.031250 0.046875
0 0.544922 0.810547 0.050781 0.042969
0 0.933594 0.263672 0.031250 0.035156
0 0.960938 0.384766 0.054688 0.035156
0 0.671875 0.585938 0.039062 0.039062
0 0.046875 0.669922 0.031250 0.035156
0 0.787109 0.910156 0.035156 0.039062
0 0.695312 0.675781 0.039062 0.039062
0 0.568359 0.304688 0.035156 0.046875
0 0.457031 0.115234 0.031250 0.035156
0 0.441406 0.078125 0.039062 0.031250
0 0.154297 0.226562 0.035156 0.039062
0 0.093750 0.814453 0.039062 0.042969
0 0.115234 0.984375 0.066406 0.031250
0 0.957031 0.556641 0.046875 0.050781
0 0.716797 0.601562 0.035156 0.039062
0 0.703125 0.792969 0.031250 0.039062
0 0.517578 0.679688 0.042969 0.039062
