0 0.953125 0.097656 0.046875 0.054688
0 0.9472659999999999 0.046875 0.035156 0.031250
0 0.914062 0.048828 0.023438 0.042969
0 0.658203 0.509766 0.066406 0.035156
0 0.550781 0.492188 0.039062 0.039062
0 0.578125 0.580078 0.039062 0.042969
0 0.5839840000000001 0.658203 0.042969 0.042969
0 0.955078 0.386719 0.035156 0.039062
0 0.5625 0.035156 0.031250 0.039062
0 0.929688 0.183594 0.039062 0.070312
0 0.673828 0.218750 0.050781 0.031250
0 0.7246090000000001 0.753906 0.027344 0.039062
0 0.699219 0.447266 0.031250 0.027344
0 0.40625 0.400391 0.031250 0.035156
0 0.41796900000000003 0.507812 0.039062 0.046875
0 0.527344 0.167969 0.039062 0.031250
0 0.390625 0.150391 0.054688 0.035156
0 0.388672 0.115234 0.042969 0.027344
0 0.35546900000000003 0.091797 0.062500 0.035156
0 0.08007799999999998 0.568359 0.042969 0.042969
0 0.957031 0.484375 0.031250 0.031250
0 0.921875 0.322266 0.023438 0.035156
0 0.769531 0.599609 0.023438 0.035156
0 0.753906 0.496094 0.054688 0.039062
0 0.7109380000000001 0.009766 0.046875 0.011719
0 0.751953 0.095703 0.027344 0.027344
