0 0.046875 0.097656 0.046875 0.054688
0 0.052734 0.046875 0.035156 0.031250
0 0.085938 0.048828 0.023438 0.042969
0 0.341797 0.509766 0.066406 0.035156
0 0.449219 0.492188 0.039062 0.039062
0 0.421875 0.580078 0.039062 0.042969
0 0.416016 0.658203 0.042969 0.042969
0 0.044922 0.386719 0.035156 0.039062
0 0.437500 0.035156 0.031250 0.039062
0 0.070312 0.183594 0.039062 0.070312
0 0.326172 0.218750 0.050781 0.031250
0 0.275391 0.753906 0.027344 0.039062
0 0.300781 0.447266 0.031250 0.027344
0 0.593750 0.400391 0.031250 0.035156
0 0.582031 0.507812 0.039062 0.046875
0 0.472656 0.167969 0.039062 0.031250
0 0.609375 0.150391 0.054688 0.035156
0 0.611328 0.115234 0.042969 0.027344
0 0.644531 0.091797 0.062500 0.035156
0 0.919922 0.568359 0.042969 0.042969
0 0.042969 0.484375 0.031250 0.031250
0 0.078125 0.322266 0.023438 0.035156
0 0.230469 0.599609 0.023438 0.035156
0 0.246094 0.496094 0.054688 0.039062
0 0.289062 0.009766 0.046875 0.011719
0 0.248047 0.095703 0.027344 0.027344
