0 0.9375 0.156250 0.078125 0.109375
0 0.957031 0.535156 0.078125 0.093750
0 0.667969 0.716797 0.117188 0.089844
0 0.8222659999999999 0.683594 0.074219 0.039062
0 0.863281 0.589844 0.031250 0.039062
0 0.763672 0.669922 0.035156 0.042969
0 0.6152340000000001 0.943359 0.074219 0.050781
0 0.345703 0.953125 0.058594 0.062500
0 0.11718799999999996 0.867188 0.226562 0.156250
0 0.47656200000000004 0.750000 0.046875 0.046875
0 0.470703 0.849609 0.074219 0.074219
0 0.5234380000000001 0.777344 0.062500 0.085938
0 0.873047 0.976562 0.089844 0.046875
0 0.357422 0.720703 0.035156 0.050781
0 0.36914100000000005 0.527344 0.035156 0.046875
0 0.392578 0.621094 0.050781 0.046875
0 0.6464840000000001 0.792969 0.042969 0.039062
0 0.13671900000000003 0.162109 0.054688 0.042969
0 0.171875 0.660156 0.039062 0.031250
0 0.757812 0.884766 0.039062 0.035156
0 0.970703 0.925781 0.035156 0.054688
