0 0.062500 0.156250 0.078125 0.109375
0 0.042969 0.535156 0.078125 0.093750
0 0.332031 0.716797 0.117188 0.089844
0 0.177734 0.683594 0.074219 0.039062
0 0.136719 0.589844 0.031250 0.039062
0 0.236328 0.669922 0.035156 0.042969
0 0.384766 0.943359 0.074219 0.050781
0 0.654297 0.953125 0.058594 0.062500
0 0.882812 0.867188 0.226562 0.156250
0 0.523438 0.750000 0.046875 0.046875
0 0.529297 0.849609 0.074219 0.074219
0 0.476562 0.777344 0.062500 0.085938
0 0.126953 0.976562 0.089844 0.046875
0 0.642578 0.720703 0.035156 0.050781
0 0.630859 0.527344 0.035156 0.046875
0 0.607422 0.621094 0.050781 0.046875
0 0.353516 0.792969 0.042969 0.039062
0 0.863281 0.162109 0.054688 0.042969
0 0.828125 0.660156 0.039062 0.031250
0 0.242188 0.884766 0.039062 0.035156
0 0.029297 0.925781 0.035156 0.054688
