0 0.8691409999999999 0.583984 0.121094 0.152344
0 0.789062 0.033203 0.046875 0.042969
0 0.984375 0.273438 0.023438 0.039062
0 0.41796900000000003 0.177734 0.046875 0.042969
0 0.714844 0.101562 0.046875 0.046875
0 0.955078 0.214844 0.050781 0.039062
0 0.519531 0.669922 0.031250 0.027344
0 0.644531 0.646484 0.039062 0.035156
0 0.33789100000000005 0.705078 0.019531 0.027344
0 0.23632799999999998 0.878906 0.058594 0.023438
0 0.14648399999999995 0.980469 0.035156 0.039062
0 0.41210899999999995 0.031250 0.035156 0.039062
