0 0.785156 0.140625 0.062500 0.062500
0 0.960938 0.369141 0.062500 0.042969
0 0.8691409999999999 0.513672 0.050781 0.050781
0 0.773438 0.417969 0.062500 0.046875
0 0.953125 0.644531 0.039062 0.039062
0 0.6484380000000001 0.615234 0.054688 0.050781
0 0.41601600000000005 0.505859 0.035156 0.035156
0 0.914062 0.964844 0.101562 0.070312
0 0.501953 0.970703 0.066406 0.058594
0 0.43164100000000005 0.132812 0.105469 0.132812
0 0.375 0.205078 0.046875 0.050781
0 0.574219 0.017578 0.085938 0.027344
0 0.279297 0.248047 0.066406 0.050781
0 0.41406200000000004 0.287109 0.062500 0.042969
0 0.11914100000000005 0.187500 0.066406 0.054688
0 0.08007799999999998 0.216797 0.042969 0.050781
0 0.08398399999999995 0.033203 0.167969 0.058594
0 0.12890599999999997 0.349609 0.078125 0.082031
0 0.328125 0.582031 0.046875 0.039062
