0 0.214844 0.140625 0.062500 0.062500
0 0.039062 0.369141 0.062500 0.042969
0 0.130859 0.513672 0.050781 0.050781
0 0.226562 0.417969 0.062500 0.046875
0 0.046875 0.644531 0.039062 0.039062
0 0.351562 0.615234 0.054688 0.050781
0 0.583984 0.505859 0.035156 0.035156
0 0.085938 0.964844 0.101562 0.070312
0 0.498047 0.970703 0.066406 0.058594
0 0.568359 0.132812 0.105469 0.132812
0 0.625000 0.205078 0.046875 0.050781
0 0.425781 0.017578 0.085938 0.027344
0 0.720703 0.248047 0.066406 0.050781
0 0.585938 0.287109 0.062500 0.042969
0 0.880859 0.187500 0.066406 0.054688
0 0.919922 0.216797 0.042969 0.050781
0 0.916016 0.033203 0.167969 0.058594
0 0.871094 0.349609 0.078125 0.082031
0 0.671875 0.582031 0.046875 0.039062
