0 0.972656 0.052734 0.046875 0.050781
0 0.9433590000000001 0.138672 0.058594 0.050781
0 0.804688 0.054688 0.039062 0.046875
0 0.638672 0.017578 0.058594 0.027344
0 0.59375 0.013672 0.039062 0.019531
0 0.49414100000000005 0.021484 0.097656 0.035156
0 0.5234380000000001 0.121094 0.039062 0.039062
0 0.12890599999999997 0.152344 0.054688 0.039062
0 0.058594000000000035 0.109375 0.117188 0.062500
0 0.046875 0.316406 0.093750 0.101562
0 0.050780999999999965 0.417969 0.101562 0.101562
0 0.15039100000000005 0.324219 0.035156 0.039062
0 0.11914100000000005 0.345703 0.042969 0.042969
0 0.6796880000000001 0.552734 0.031250 0.035156
