0 0.027344 0.052734 0.046875 0.050781
0 0.056641 0.138672 0.058594 0.050781
0 0.195312 0.054688 0.039062 0.046875
0 0.361328 0.017578 0.058594 0.027344
0 0.406250 0.013672 0.039062 0.019531
0 0.505859 0.021484 0.097656 0.035156
0 0.476562 0.121094 0.039062 0.039062
0 0.871094 0.152344 0.054688 0.039062
0 0.941406 0.109375 0.117188 0.062500
0 0.953125 0.316406 0.093750 0.101562
0 0.949219 0.417969 0.101562 0.101562
0 0.849609 0.324219 0.035156 0.039062
0 0.880859 0.345703 0.042969 0.042969
0 0.320312 0.552734 0.031250 0.035156
