0 0.966797 0.089844 0.058594 0.062500
0 0.96875 0.419922 0.054688 0.089844
0 0.90625 0.421875 0.054688 0.070312
0 0.857422 0.404297 0.050781 0.050781
0 0.808594 0.314453 0.062500 0.066406
0 0.654297 0.185547 0.042969 0.035156
0 0.263672 0.490234 0.355469 0.191406
0 0.5253909999999999 0.501953 0.207031 0.167969
0 0.5839840000000001 0.662109 0.066406 0.050781
0 0.5683590000000001 0.742188 0.082031 0.054688
0 0.49609400000000003 0.787109 0.054688 0.105469
0 0.43359400000000003 0.796875 0.039062 0.046875
0 0.36718799999999996 0.845703 0.054688 0.050781
0 0.19531200000000004 0.861328 0.070312 0.097656
0 0.7753909999999999 0.957031 0.050781 0.054688
0 0.02343799999999996 0.722656 0.046875 0.117188
0 0.046875 0.132812 0.093750 0.164062
0 0.5546880000000001 0.289062 0.062500 0.062500
0 0.482422 0.296875 0.058594 0.070312
0 0.42773399999999995 0.019531 0.042969 0.031250
0 0.36523399999999995 0.015625 0.042969 0.023438
0 0.5371090000000001 0.207031 0.066406 0.046875
