0 0.033203 0.089844 0.058594 0.062500
0 0.031250 0.419922 0.054688 0.089844
0 0.093750 0.421875 0.054688 0.070312
0 0.142578 0.404297 0.050781 0.050781
0 0.191406 0.314453 0.062500 0.066406
0 0.345703 0.185547 0.042969 0.035156
0 0.736328 0.490234 0.355469 0.191406
0 0.474609 0.501953 0.207031 0.167969
0 0.416016 0.662109 0.066406 0.050781
0 0.431641 0.742188 0.082031 0.054688
0 0.503906 0.787109 0.054688 0.105469
0 0.566406 0.796875 0.039062 0.046875
0 0.632812 0.845703 0.054688 0.050781
0 0.804688 0.861328 0.070312 0.097656
0 0.224609 0.957031 0.050781 0.054688
0 0.976562 0.722656 0.046875 0.117188
0 0.953125 0.132812 0.093750 0.164062
0 0.445312 0.289062 0.062500 0.062500
0 0.517578 0.296875 0.058594 0.070312
0 0.572266 0.019531 0.042969 0.031250
0 0.634766 0.015625 0.042969 0.023438
0 0.462891 0.207031 0.066406 0.046875
