0 0.7597659999999999 0.763672 0.472656 0.183594
0 0.779297 0.841797 0.035156 0.042969
0 0.816406 0.912109 0.085938 0.058594
0 0.640625 0.900391 0.054688 0.082031
0 0.40234400000000003 0.857422 0.093750 0.074219
0 0.757812 0.222656 0.062500 0.070312
0 0.14453099999999997 0.091797 0.054688 0.074219
0 0.06445299999999998 0.138672 0.050781 0.050781
0 0.18945299999999998 0.166016 0.152344 0.074219
0 0.019530999999999965 0.148438 0.039062 0.070312
0 0.025391000000000052 0.726562 0.035156 0.046875
0 0.11914100000000005 0.029297 0.058594 0.050781
