0 0.203125 0.308594 0.039062 0.039062
0 0.15625 0.298828 0.039062 0.035156
0 0.960938 0.205078 0.046875 0.058594
0 0.49609400000000003 0.562500 0.046875 0.039062
0 0.867188 0.298828 0.039062 0.035156
0 0.800781 0.248047 0.031250 0.027344
0 0.957031 0.878906 0.078125 0.085938
0 0.02343799999999996 0.541016 0.031250 0.050781
0 0.716797 0.365234 0.027344 0.042969
0 0.949219 0.359375 0.031250 0.031250
0 0.9121090000000001 0.804688 0.035156 0.031250
0 0.808594 0.945312 0.039062 0.031250
0 0.33789100000000005 0.904297 0.042969 0.042969
0 0.36328099999999997 0.847656 0.031250 0.039062
0 0.294922 0.945312 0.035156 0.031250
0 0.773438 0.964844 0.031250 0.039062
0 0.20703099999999997 0.197266 0.031250 0.035156
