0 0.796875 0.308594 0.039062 0.039062
0 0.843750 0.298828 0.039062 0.035156
0 0.039062 0.205078 0.046875 0.058594
0 0.503906 0.562500 0.046875 0.039062
0 0.132812 0.298828 0.039062 0.035156
0 0.199219 0.248047 0.031250 0.027344
0 0.042969 0.878906 0.078125 0.085938
0 0.976562 0.541016 0.031250 0.050781
0 0.283203 0.365234 0.027344 0.042969
0 0.050781 0.359375 0.031250 0.031250
0 0.087891 0.804688 0.035156 0.031250
0 0.191406 0.945312 0.039062 0.031250
0 0.662109 0.904297 0.042969 0.042969
0 0.636719 0.847656 0.031250 0.039062
0 0.705078 0.945312 0.035156 0.031250
0 0.226562 0.964844 0.031250 0.039062
0 0.792969 0.197266 0.031250 0.035156
