0 0.96875 0.146484 0.054688 0.058594
0 0.84375 0.101562 0.070312 0.085938
0 0.736328 0.074219 0.089844 0.109375
0 0.792969 0.343750 0.078125 0.046875
0 0.683594 0.273438 0.062500 0.054688
0 0.7265619999999999 0.343750 0.039062 0.054688
0 0.5625 0.384766 0.101562 0.082031
0 0.623047 0.638672 0.246094 0.152344
0 0.548828 0.738281 0.066406 0.062500
0 0.49218799999999996 0.705078 0.062500 0.058594
0 0.435547 0.660156 0.066406 0.085938
0 0.16406200000000004 0.910156 0.164062 0.078125
0 0.06640599999999997 0.914062 0.093750 0.125000
0 0.33984400000000003 0.648438 0.062500 0.070312
0 0.27539100000000005 0.675781 0.074219 0.070312
0 0.15039100000000005 0.701172 0.191406 0.144531
0 0.10742200000000002 0.478516 0.074219 0.089844
0 0.455078 0.316406 0.042969 0.031250
0 0.16601600000000005 0.386719 0.035156 0.039062
0 0.13476600000000005 0.376953 0.035156 0.042969
0 0.125 0.343750 0.039062 0.046875
0 0.21679700000000002 0.367188 0.082031 0.062500
0 0.37890599999999997 0.472656 0.054688 0.039062
0 0.33203099999999997 0.419922 0.054688 0.058594
0 0.26171900000000003 0.470703 0.046875 0.058594
0 0.607422 0.167969 0.082031 0.054688
0 0.6191409999999999 0.033203 0.066406 0.058594
0 0.675781 0.111328 0.046875 0.058594
0 0.466797 0.220703 0.058594 0.050781
0 0.41406200000000004 0.271484 0.039062 0.027344
0 0.671875 0.199219 0.054688 0.039062
0 0.652344 0.234375 0.039062 0.046875
0 0.48046900000000003 0.767578 0.046875 0.050781
0 0.294922 0.275391 0.042969 0.027344
0 0.25390599999999997 0.296875 0.046875 0.054688
0 0.14257799999999998 0.138672 0.058594 0.058594
0 0.08398399999999995 0.167969 0.035156 0.046875
0 0.050780999999999965 0.189453 0.039062 0.042969
0 0.1875 0.175781 0.031250 0.039062
