0 0.031250 0.146484 0.054688 0.058594
0 0.156250 0.101562 0.070312 0.085938
0 0.263672 0.074219 0.089844 0.109375
0 0.207031 0.343750 0.078125 0.046875
0 0.316406 0.273438 0.062500 0.054688
0 0.273438 0.343750 0.039062 0.054688
0 0.437500 0.384766 0.101562 0.082031
0 0.376953 0.638672 0.246094 0.152344
0 0.451172 0.738281 0.066406 0.062500
0 0.507812 0.705078 0.062500 0.058594
0 0.564453 0.660156 0.066406 0.085938
0 0.835938 0.910156 0.164062 0.078125
0 0.933594 0.914062 0.093750 0.125000
0 0.660156 0.648438 0.062500 0.070312
0 0.724609 0.675781 0.074219 0.070312
0 0.849609 0.701172 0.191406 0.144531
0 0.892578 0.478516 0.074219 0.089844
0 0.544922 0.316406 0.042969 0.031250
0 0.833984 0.386719 0.035156 0.039062
0 0.865234 0.376953 0.035156 0.042969
0 0.875000 0.343750 0.039062 0.046875
0 0.783203 0.367188 0.082031 0.062500
0 0.621094 0.472656 0.054688 0.039062
0 0.667969 0.419922 0.054688 0.058594
0 0.738281 0.470703 0.046875 0.058594
0 0.392578 0.167969 0.082031 0.054688
0 0.380859 0.033203 0.066406 0.058594
0 0.324219 0.111328 0.046875 0.058594
0 0.533203 0.220703 0.058594 0.050781
0 0.585938 0.271484 0.039062 0.027344
0 0.328125 0.199219 0.054688 0.039062
0 0.347656 0.234375 0.039062 0.046875
0 0.519531 0.767578 0.046875 0.050781
0 0.705078 0.275391 0.042969 0.027344
0 0.746094 0.296875 0.046875 0.054688
0 0.857422 0.138672 0.058594 0.058594
0 0.916016 0.167969 0.035156 0.046875
0 0.949219 0.189453 0.039062 0.042969
0 0.812500 0.175781 0.031250 0.039062
