0 0.939453 0.193359 0.042969 0.042969
0 0.6191409999999999 0.132812 0.042969 0.054688
0 0.857422 0.199219 0.027344 0.039062
0 0.810547 0.140625 0.027344 0.031250
0 0.515625 0.167969 0.031250 0.039062
0 0.48828099999999997 0.156250 0.031250 0.039062
0 0.419922 0.164062 0.050781 0.054688
0 0.535156 0.207031 0.039062 0.031250
0 0.734375 0.462891 0.070312 0.050781
0 0.9433590000000001 0.613281 0.066406 0.054688
0 0.732422 0.548828 0.121094 0.066406
0 0.945312 0.531250 0.046875 0.046875
0 0.910156 0.488281 0.046875 0.046875
0 0.9160159999999999 0.679688 0.058594 0.062500
0 0.861328 0.605469 0.066406 0.054688
0 0.976562 0.742188 0.039062 0.062500
0 0.638672 0.617188 0.027344 0.046875
0 0.5859380000000001 0.638672 0.046875 0.058594
0 0.21093799999999996 0.474609 0.046875 0.042969
0 0.53125 0.365234 0.031250 0.027344
0 0.580078 0.347656 0.035156 0.031250
0 0.5253909999999999 0.273438 0.050781 0.039062
0 0.484375 0.304688 0.046875 0.039062
0 0.42968799999999996 0.332031 0.039062 0.054688
0 0.345703 0.242188 0.035156 0.031250
0 0.29296900000000003 0.255859 0.031250 0.035156
0 0.24023399999999995 0.177734 0.050781 0.035156
0 0.23632799999999998 0.130859 0.050781 0.035156
0 0.720703 0.947266 0.066406 0.058594
0 0.7109380000000001 0.880859 0.046875 0.042969
0 0.46875 0.960938 0.046875 0.078125
0 0.5253909999999999 0.976562 0.050781 0.046875
0 0.5371090000000001 0.652344 0.035156 0.046875
0 0.08984400000000003 0.548828 0.023438 0.042969
0 0.013672000000000017 0.587891 0.027344 0.050781
0 0.06054700000000002 0.642578 0.035156 0.035156
0 0.09375 0.677734 0.039062 0.035156
0 0.5058590000000001 0.544922 0.050781 0.035156
