0 0.33593799999999996 0.109375 0.039062 0.046875
0 0.30078099999999997 0.037109 0.054688 0.042969
0 0.24218799999999996 0.103516 0.039062 0.035156
0 0.18359400000000003 0.095703 0.046875 0.042969
0 0.566406 0.544922 0.093750 0.058594
0 0.5390619999999999 0.810547 0.046875 0.042969
0 0.38085899999999995 0.587891 0.042969 0.042969
0 0.15429700000000002 0.800781 0.027344 0.023438
0 0.11914100000000005 0.845703 0.027344 0.035156
0 0.357422 0.953125 0.035156 0.039062
0 0.982422 0.300781 0.027344 0.046875
0 0.628906 0.880859 0.031250 0.027344
0 0.23242200000000002 0.724609 0.027344 0.035156
