0 0.06054700000000002 0.359375 0.066406 0.054688
0 0.140625 0.318359 0.031250 0.035156
0 0.263672 0.406250 0.066406 0.070312
0 0.7871090000000001 0.789062 0.035156 0.039062
0 0.625 0.738281 0.046875 0.039062
0 0.6328119999999999 0.892578 0.039062 0.058594
0 0.816406 0.560547 0.039062 0.035156
0 0.6777340000000001 0.080078 0.027344 0.035156
0 0.638672 0.025391 0.035156 0.042969
0 0.7089840000000001 0.029297 0.035156 0.042969
0 0.23242200000000002 0.943359 0.035156 0.042969
0 0.22656200000000004 0.908203 0.039062 0.035156
0 0.34960899999999995 0.767578 0.035156 0.042969
0 0.14843799999999996 0.216797 0.039062 0.035156
