0 0.939453 0.359375 0.066406 0.054688
0 0.859375 0.318359 0.031250 0.035156
0 0.736328 0.406250 0.066406 0.070312
0 0.212891 0.789062 0.035156 0.039062
0 0.375000 0.738281 0.046875 0.039062
0 0.367188 0.892578 0.039062 0.058594
0 0.183594 0.560547 0.039062 0.035156
0 0.322266 0.080078 0.027344 0.035156
0 0.361328 0.025391 0.035156 0.042969
0 0.291016 0.029297 0.035156 0.042969
0 0.767578 0.943359 0.035156 0.042969
0 0.773438 0.908203 0.039062 0.035156
0 0.650391 0.767578 0.035156 0.042969
0 0.851562 0.216797 0.039062 0.035156
