0 0.42578099999999997 0.074219 0.101562 0.101562
0 0.824219 0.339844 0.046875 0.046875
0 0.28125 0.625000 0.039062 0.054688
0 0.33984400000000003 0.644531 0.039062 0.046875
0 0.589844 0.464844 0.054688 0.054688
0 0.529297 0.503906 0.042969 0.039062
0 0.654297 0.486328 0.050781 0.035156
0 0.814453 0.482422 0.042969 0.042969
0 0.44335899999999995 0.863281 0.042969 0.039062
0 0.30859400000000003 0.869141 0.039062 0.050781
0 0.12304700000000002 0.892578 0.035156 0.035156
0 0.867188 0.814453 0.039062 0.035156
0 0.5546880000000001 0.683594 0.054688 0.046875
0 0.5410159999999999 0.640625 0.035156 0.031250
0 0.47851600000000005 0.705078 0.027344 0.027344
0 0.685547 0.521484 0.042969 0.035156
