0 0.017577999999999983 0.466797 0.035156 0.050781
0 0.738281 0.859375 0.039062 0.039062
0 0.736328 0.923828 0.035156 0.035156
0 0.773438 0.970703 0.039062 0.035156
0 0.732422 0.208984 0.035156 0.035156
0 0.669922 0.251953 0.035156 0.050781
0 0.40234400000000003 0.183594 0.023438 0.046875
0 0.171875 0.091797 0.031250 0.042969
0 0.24804700000000002 0.021484 0.042969 0.035156
0 0.33984400000000003 0.337891 0.046875 0.042969
0 0.38476600000000005 0.757812 0.035156 0.039062
0 0.41406200000000004 0.708984 0.023438 0.027344
0 0.357422 0.792969 0.035156 0.031250
0 0.14453099999999997 0.958984 0.023438 0.035156
