0 0.982422 0.466797 0.035156 0.050781
0 0.261719 0.859375 0.039062 0.039062
0 0.263672 0.923828 0.035156 0.035156
0 0.226562 0.970703 0.039062 0.035156
0 0.267578 0.208984 0.035156 0.035156
0 0.330078 0.251953 0.035156 0.050781
0 0.597656 0.183594 0.023438 0.046875
0 0.828125 0.091797 0.031250 0.042969
0 0.751953 0.021484 0.042969 0.035156
0 0.660156 0.337891 0.046875 0.042969
0 0.615234 0.757812 0.035156 0.039062
0 0.585938 0.708984 0.023438 0.027344
0 0.642578 0.792969 0.035156 0.031250
0 0.855469 0.958984 0.023438 0.035156
