0 0.867188 0.332031 0.046875 0.031250
0 0.929688 0.171875 0.023438 0.039062
0 0.78125 0.496094 0.039062 0.039062
0 0.949219 0.529297 0.031250 0.035156
0 0.43164100000000005 0.589844 0.042969 0.046875
0 0.30273399999999995 0.564453 0.035156 0.035156
0 0.734375 0.816406 0.039062 0.031250
0 0.8847659999999999 0.796875 0.035156 0.023438
0 0.705078 0.853516 0.035156 0.035156
0 0.71875 0.916016 0.062500 0.050781
0 0.595703 0.814453 0.050781 0.042969
0 0.41601600000000005 0.287109 0.035156 0.042969
0 0.36523399999999995 0.251953 0.035156 0.035156
0 0.125 0.308594 0.039062 0.039062
0 0.24218799999999996 0.410156 0.023438 0.031250
0 0.171875 0.662109 0.031250 0.042969
0 0.025391000000000052 0.587891 0.035156 0.042969
