0 0.132812 0.332031 0.046875 0.031250
0 0.070312 0.171875 0.023438 0.039062
0 0.218750 0.496094 0.039062 0.039062
0 0.050781 0.529297 0.031250 0.035156
0 0.568359 0.589844 0.042969 0.046875
0 0.697266 0.564453 0.035156 0.035156
0 0.265625 0.816406 0.039062 0.031250
0 0.115234 0.796875 0.035156 0.023438
0 0.294922 0.853516 0.035156 0.035156
0 0.281250 0.916016 0.062500 0.050781
0 0.404297 0.814453 0.050781 0.042969
0 0.583984 0.287109 0.035156 0.042969
0 0.634766 0.251953 0.035156 0.035156
0 0.875000 0.308594 0.039062 0.039062
0 0.757812 0.410156 0.023438 0.031250
0 0.828125 0.662109 0.031250 0.042969
0 0.974609 0.587891 0.035156 0.042969
