0 0.341797 0.748047 0.074219 0.105469
0 0.328125 0.865234 0.117188 0.113281
0 0.20898399999999995 0.902344 0.042969 0.039062
0 0.04492200000000002 0.025391 0.042969 0.042969
0 0.035155999999999965 0.136719 0.031250 0.039062
0 0.761719 0.806641 0.046875 0.042969
0 0.6953119999999999 0.804688 0.046875 0.046875
0 0.689453 0.873047 0.074219 0.105469
0 0.6152340000000001 0.875000 0.066406 0.078125
0 0.626953 0.933594 0.082031 0.078125
0 0.09179700000000002 0.566406 0.042969 0.046875
0 0.12109400000000003 0.535156 0.046875 0.031250
0 0.06445299999999998 0.435547 0.035156 0.042969
0 0.10351600000000005 0.410156 0.035156 0.031250
0 0.8339840000000001 0.949219 0.160156 0.101562
0 0.974609 0.865234 0.027344 0.035156
0 0.951172 0.947266 0.035156 0.058594
0 0.392578 0.968750 0.074219 0.062500
