0 0.658203 0.748047 0.074219 0.105469
0 0.671875 0.865234 0.117188 0.113281
0 0.791016 0.902344 0.042969 0.039062
0 0.955078 0.025391 0.042969 0.042969
0 0.964844 0.136719 0.031250 0.039062
0 0.238281 0.806641 0.046875 0.042969
0 0.304688 0.804688 0.046875 0.046875
0 0.310547 0.873047 0.074219 0.105469
0 0.384766 0.875000 0.066406 0.078125
0 0.373047 0.933594 0.082031 0.078125
0 0.908203 0.566406 0.042969 0.046875
0 0.878906 0.535156 0.046875 0.031250
0 0.935547 0.435547 0.035156 0.042969
0 0.896484 0.410156 0.035156 0.031250
0 0.166016 0.949219 0.160156 0.101562
0 0.025391 0.865234 0.027344 0.035156
0 0.048828 0.947266 0.035156 0.058594
0 0.607422 0.968750 0.074219 0.062500
